0 0.78828125 0.98203125 0.0515625 0.0359375
0 0.05 0.97890625 0.0875 0.0421875
0 0.703125 0.915625 0.09375 0.06875
0 0.34609375 0.93203125 0.1265625 0.1015625
0 0.8125 0.896875 0.05 0.05
0 0.58515625 0.85859375 0.0484375 0.0484375
0 0.61015625 0.7640625 0.0671875 0.065625
0 0.3875 0.746875 0.065625 0.0625
0 0.76796875 0.74921875 0.0921875 0.0734375
0 0.19453125 0.725 0.0546875 0.05625
0 0.33515625 0.67265625 0.0890625 0.0859375
0 0.625 0.609375 0.06875 0.06875
0 0.1546875 0.56171875 0.071875 0.0578125
0 0.40234375 0.57421875 0.0796875 0.0859375
0 0.0546875 0.52578125 0.109375 0.1609375
0 0.92890625 0.440625 0.0546875 0.053125
0 0.375 0.396875 0.115625 0.121875
0 0.03984375 0.353125 0.0796875 0.06875
0 0.91640625 0.3078125 0.0515625 0.053125
0 0.634375 0.40390625 0.2375 0.2671875
0 0.81953125 0.2671875 0.0578125 0.053125
0 0.8578125 0.11875 0.053125 0.05
0 0.321875 0.10703125 0.05625 0.0515625
0 0.74296875 0.13984375 0.1390625 0.1328125
0 0.38359375 0.05703125 0.0515625 0.0515625
0 0.63203125 0.053125 0.0921875 0.075
0 0.25546875 0.0203125 0.0546875 0.040625
