0 0.89765625 0.984375 0.0546875 0.03125
0 0.97734375 0.98125 0.0453125 0.0375
0 0.97578125 0.88203125 0.0484375 0.0609375
0 0.16484375 0.846875 0.1390625 0.071875
0 0.0515625 0.803125 0.0625 0.05625
0 0.6859375 0.76015625 0.05 0.0484375
0 0.075 0.6328125 0.059375 0.053125
0 0.5703125 0.609375 0.071875 0.059375
0 0.790625 0.6 0.05 0.05
0 0.44453125 0.6 0.0484375 0.05
0 0.521875 0.50390625 0.1375 0.1265625
0 0.984375 0.4515625 0.03125 0.05625
0 0.82421875 0.4390625 0.0515625 0.05
0 0.12890625 0.4015625 0.0859375 0.08125
0 0.11953125 0.20859375 0.1265625 0.0921875
0 0.58984375 0.075 0.0484375 0.05
0 0.64296875 0.059375 0.0484375 0.053125
0 0.23046875 0.04296875 0.0484375 0.0484375
0 0.49765625 0.046875 0.1765625 0.09375
0 0.4046875 0.0125 0.05625 0.025
