0 0.74375 0.98671875 0.05 0.0265625
0 0.94609375 0.97109375 0.1078125 0.0578125
0 0.84453125 0.95234375 0.0984375 0.0953125
0 0.51953125 0.9359375 0.1421875 0.090625
0 0.015625 0.8328125 0.03125 0.071875
0 0.37578125 0.7953125 0.3703125 0.18125
0 0.4125 0.3484375 0.64375 0.184375
0 0.49453125 0.19453125 0.0796875 0.0609375
0 0.14765625 0.19375 0.1484375 0.078125
0 0.36796875 0.18984375 0.1359375 0.0921875
0 0.6921875 0.165625 0.071875 0.075
0 0.6125 0.03359375 0.153125 0.0671875
0 0.4015625 0.02734375 0.134375 0.0546875
