0 0.428125 0.9875 0.053125 0.025
0 0.125 0.97890625 0.0875 0.0421875
0 0.73671875 0.75703125 0.0609375 0.0578125
0 0.63203125 0.653125 0.0859375 0.11875
0 0.35703125 0.63828125 0.3171875 0.2140625
0 0.82890625 0.6375 0.3421875 0.425
0 0.98671875 0.390625 0.0265625 0.05
0 0.97890625 0.19453125 0.0421875 0.0578125
0 0.29609375 0.19140625 0.0859375 0.0671875
0 0.471875 0.1609375 0.05625 0.071875
0 0.85078125 0.1390625 0.1234375 0.06875
0 0.50859375 0.0796875 0.1265625 0.0875
0 0.8984375 0.05078125 0.203125 0.1015625
0 0.728125 0.02421875 0.10625 0.0484375
