0 0.14765625 0.98125 0.0828125 0.0375
0 0.340625 0.96953125 0.125 0.0609375
0 0.8125 0.96640625 0.1 0.0671875
0 0.03125 0.95859375 0.0625 0.0828125
0 0.459375 0.8171875 0.05625 0.053125
0 0.27890625 0.83515625 0.2265625 0.1828125
0 0.9625 0.71328125 0.075 0.0859375
0 0.8109375 0.65859375 0.278125 0.2296875
0 0.196875 0.3125 0.065625 0.059375
0 0.95625 0.30390625 0.075 0.0703125
0 0.4609375 0.290625 0.115625 0.096875
0 0.09375 0.2390625 0.0875 0.09375
0 0.1796875 0.18515625 0.078125 0.0703125
0 0.29921875 0.1859375 0.1140625 0.1
0 0.040625 0.1390625 0.08125 0.075
0 0.87578125 0.16796875 0.0921875 0.1390625
0 0.4265625 0.1515625 0.134375 0.14375
