0 0.796875 0.87265625 0.0625 0.0671875
0 0.98125 0.5953125 0.0375 0.053125
0 0.05859375 0.49765625 0.0484375 0.0484375
0 0.19453125 0.4859375 0.0484375 0.05
0 0.25390625 0.440625 0.0484375 0.05
0 0.51484375 0.43515625 0.0484375 0.0546875
0 0.43359375 0.678125 0.8671875 0.64375
0 0.0296875 0.4015625 0.059375 0.103125
0 0.52578125 0.35625 0.0484375 0.05
0 0.29609375 0.35078125 0.2109375 0.1359375
0 0.8453125 0.3125 0.08125 0.115625
0 0.21171875 0.24296875 0.1015625 0.1015625
0 0.75 0.26328125 0.1125 0.1453125
0 0.92578125 0.24609375 0.1484375 0.2171875
0 0.27890625 0.11484375 0.0484375 0.0546875
0 0.3875 0.06171875 0.08125 0.0796875
