0 0.75703125 0.97265625 0.0546875 0.0546875
0 0.93046875 0.928125 0.1390625 0.14375
0 0.67109375 0.77734375 0.0546875 0.0515625
0 0.0609375 0.584375 0.121875 0.1125
0 0.2296875 0.76328125 0.459375 0.4734375
0 0.6078125 0.54765625 0.053125 0.0546875
0 0.721875 0.48671875 0.06875 0.0734375
0 0.87890625 0.37265625 0.0515625 0.0515625
0 0.57890625 0.421875 0.2015625 0.20625
0 0.79375 0.30390625 0.16875 0.1109375
0 0.60234375 0.27578125 0.0796875 0.0734375
0 0.715625 0.20625 0.125 0.0875
0 0.1640625 0.14453125 0.05 0.0515625
0 0.85546875 0.1421875 0.0765625 0.05625
0 0.0578125 0.17890625 0.115625 0.1359375
0 0.32578125 0.12109375 0.0515625 0.0515625
0 0.60859375 0.14296875 0.1203125 0.1203125
0 0.5328125 0.0546875 0.05 0.05
0 0.34453125 0.05078125 0.0671875 0.0578125
0 0.8515625 0.0515625 0.296875 0.103125
0 0.4640625 0.03671875 0.059375 0.0734375
0 0.21875 0.0484375 0.078125 0.096875
0 0.0625 0.04296875 0.10625 0.0859375
