0 0.8515625 0.89375 0.05 0.05
0 0.74609375 0.8890625 0.0484375 0.05
0 0.53046875 0.88203125 0.0796875 0.0640625
0 0.65234375 0.84453125 0.0640625 0.0609375
0 0.4734375 0.80859375 0.065625 0.0578125
0 0.7703125 0.7984375 0.128125 0.096875
0 0.8359375 0.65 0.0625 0.05625
0 0.346875 0.6453125 0.078125 0.071875
0 0.18359375 0.778125 0.3671875 0.353125
0 0.48125 0.64296875 0.08125 0.0921875
0 0.16953125 0.54296875 0.0640625 0.0578125
0 0.31328125 0.5453125 0.1578125 0.08125
0 0.8 0.5265625 0.05 0.05625
0 0.20625 0.4859375 0.05625 0.053125
0 0.9359375 0.45625 0.128125 0.159375
0 0.27421875 0.3375 0.1390625 0.128125
0 0.72421875 0.32890625 0.2296875 0.1671875
0 0.9203125 0.2609375 0.053125 0.05
0 0.89296875 0.171875 0.0828125 0.05625
0 0.1203125 0.17109375 0.053125 0.0546875
0 0.29609375 0.16640625 0.0796875 0.1078125
0 0.74375 0.18828125 0.24375 0.1828125
0 0.40625 0.103125 0.125 0.184375
0 0.56171875 0.0859375 0.1578125 0.171875
0 0.31875 0.02578125 0.053125 0.0515625
