0 0.75859375 0.96796875 0.0515625 0.0578125
0 0.9328125 0.82734375 0.0625 0.0796875
0 0.4515625 0.8140625 0.05 0.075
0 0.259375 0.6953125 0.059375 0.053125
0 0.72109375 0.65546875 0.0546875 0.0546875
0 0.43359375 0.70546875 0.2859375 0.1640625
0 0.33984375 0.6 0.0640625 0.05625
0 0.484375 0.546875 0.225 0.171875
0 0.95859375 0.49921875 0.0828125 0.1609375
0 0.88359375 0.4171875 0.2328125 0.31875
0 0.0328125 0.1578125 0.065625 0.084375
0 0.23671875 0.07890625 0.0640625 0.0546875
0 0.66484375 0.25390625 0.6703125 0.5078125
0 0.08046875 0.0375 0.1609375 0.075
