0 0.315625 0.98671875 0.05 0.0265625
0 0.4 0.984375 0.08125 0.03125
0 0.665625 0.971875 0.165625 0.05625
0 0.209375 0.95 0.14375 0.1
0 0.9453125 0.94765625 0.109375 0.0984375
0 0.96953125 0.85234375 0.0609375 0.0671875
0 0.3609375 0.77578125 0.078125 0.0671875
0 0.21796875 0.78125 0.1046875 0.109375
0 0.09375 0.72890625 0.1875 0.2453125
0 0.884375 0.784375 0.23125 0.43125
0 0.87734375 0.43828125 0.0515625 0.0515625
0 0.946875 0.42265625 0.0625 0.0921875
0 0.98671875 0.30703125 0.0265625 0.0515625
0 0.64453125 0.58515625 0.6421875 0.7296875
0 0.26953125 0.0171875 0.0546875 0.034375
