0 0.2765625 0.98203125 0.059375 0.0359375
0 0.29296875 0.90625 0.0578125 0.05625
0 0.9796875 0.86640625 0.040625 0.0515625
0 0.896875 0.83671875 0.1 0.0765625
0 0.65078125 0.80625 0.0515625 0.05
0 0.54765625 0.65625 0.0640625 0.071875
0 0.94375 0.69375 0.1125 0.165625
0 0.0890625 0.6671875 0.178125 0.253125
0 0.9015625 0.559375 0.10625 0.0875
0 0.6984375 0.4984375 0.05 0.053125
0 0.7921875 0.4734375 0.13125 0.0875
0 0.97890625 0.44609375 0.0421875 0.0484375
0 0.90390625 0.44609375 0.0546875 0.0578125
0 0.91484375 0.37421875 0.0484375 0.0484375
0 0.2828125 0.5546875 0.565625 0.646875
0 0.06171875 0.2265625 0.0609375 0.05625
0 0.37578125 0.1859375 0.0703125 0.071875
0 0.2421875 0.15625 0.05 0.05
0 0.890625 0.11796875 0.065625 0.0671875
0 0.06640625 0.13359375 0.1328125 0.1265625
0 0.953125 0.0921875 0.05 0.053125
0 0.58203125 0.09140625 0.2046875 0.1734375
0 0.396875 0.02109375 0.0625 0.0421875
0 0.02734375 0.01875 0.0546875 0.0375
