0 0.96171875 0.925 0.0765625 0.14375
0 0.9484375 0.78203125 0.103125 0.1203125
0 0.2828125 0.78515625 0.565625 0.4296875
0 0.8453125 0.5578125 0.090625 0.071875
0 0.57734375 0.46484375 0.0515625 0.0609375
0 0.43984375 0.45546875 0.1921875 0.2265625
0 0.9828125 0.30625 0.034375 0.065625
0 0.728125 0.28125 0.05 0.05625
0 0.09296875 0.29453125 0.1078125 0.0890625
0 0.3734375 0.14921875 0.05 0.0515625
0 0.4734375 0.1421875 0.096875 0.103125
0 0.9796875 0.03671875 0.040625 0.0578125
0 0.37578125 0.0359375 0.0671875 0.071875
