0 0.85078125 0.83984375 0.0921875 0.0796875
0 0.615625 0.86171875 0.453125 0.2765625
0 0.34609375 0.6875 0.0765625 0.075
0 0.28515625 0.559375 0.0484375 0.05
0 0.88671875 0.515625 0.1140625 0.075
0 0.46953125 0.34375 0.1296875 0.15
0 0.47265625 0.24140625 0.0484375 0.0484375
0 0.5109375 0.15703125 0.059375 0.1015625
0 0.05078125 0.153125 0.1015625 0.20625
0 0.2140625 0.07265625 0.09375 0.1046875
0 0.83984375 0.1890625 0.3203125 0.378125
0 0.56015625 0.0296875 0.0828125 0.059375
0 0.065625 0.01875 0.05 0.0375
