0 0.0125 0.9625 0.025 0.05
0 0.590625 0.91875 0.05 0.05
0 0.1109375 0.9390625 0.14375 0.121875
0 0.16796875 0.7453125 0.0484375 0.05
0 0.665625 0.803125 0.5625 0.39375
0 0.09453125 0.59921875 0.1109375 0.1421875
0 0.7640625 0.5640625 0.084375 0.084375
0 0.49140625 0.51484375 0.0484375 0.0578125
0 0.61328125 0.5109375 0.0859375 0.171875
0 0.02265625 0.41484375 0.0453125 0.0890625
0 0.16171875 0.42578125 0.0953125 0.1171875
0 0.91796875 0.49296875 0.1640625 0.2859375
0 0.571875 0.2609375 0.090625 0.075
0 0.69375 0.1890625 0.09375 0.096875
0 0.271875 0.1328125 0.053125 0.053125
0 0.5765625 0.0921875 0.159375 0.15625
0 0.92890625 0.140625 0.1421875 0.28125
