0 0.5390625 0.9859375 0.059375 0.028125
0 0.0453125 0.978125 0.090625 0.04375
0 0.87421875 0.65703125 0.0515625 0.0546875
0 0.56953125 0.6375 0.2640625 0.196875
0 0.30078125 0.61015625 0.2546875 0.1796875
0 0.45546875 0.53046875 0.0953125 0.0828125
0 0.35 0.44140625 0.1375 0.1609375
0 0.08671875 0.40390625 0.0703125 0.0859375
0 0.21015625 0.32578125 0.0640625 0.0765625
0 0.33203125 0.30078125 0.0828125 0.0921875
0 0.0640625 0.25 0.06875 0.078125
0 0.7328125 0.23671875 0.065625 0.0609375
0 0.67734375 0.1671875 0.0640625 0.071875
0 0.9875 0.1390625 0.025 0.053125
0 0.98203125 0.0265625 0.0359375 0.053125
0 0.28828125 0.10625 0.5765625 0.2125
