0 0.2734375 0.9765625 0.08125 0.046875
0 0.38359375 0.9671875 0.0765625 0.065625
0 0.70625 0.9625 0.109375 0.075
0 0.2390625 0.9015625 0.059375 0.071875
0 0.8859375 0.93046875 0.228125 0.1390625
0 0.91015625 0.803125 0.1796875 0.146875
0 0.97265625 0.66640625 0.0546875 0.1046875
0 0.61484375 0.46796875 0.0484375 0.0484375
0 0.3578125 0.6484375 0.290625 0.43125
0 0.93359375 0.31875 0.0484375 0.05
0 0.8390625 0.33984375 0.11875 0.0953125
0 0.628125 0.3375 0.1 0.109375
0 0.53828125 0.30234375 0.0671875 0.0703125
0 0.38828125 0.2546875 0.0859375 0.103125
0 0.74921875 0.21953125 0.0546875 0.0578125
0 0.61015625 0.16640625 0.1171875 0.1265625
0 0.96796875 0.1359375 0.0640625 0.115625
