0 0.95859375 0.98671875 0.0546875 0.0265625
0 0.0421875 0.96953125 0.05625 0.0609375
0 0.8484375 0.96875 0.140625 0.0625
0 0.56875 0.95 0.096875 0.1
0 0.70078125 0.86640625 0.0703125 0.0703125
0 0.2859375 0.84453125 0.06875 0.0671875
0 0.453125 0.87578125 0.11875 0.1859375
0 0.23125 0.76328125 0.0875 0.0953125
0 0.03671875 0.759375 0.0734375 0.115625
0 0.89765625 0.71328125 0.2046875 0.2328125
0 0.2953125 0.62890625 0.071875 0.0859375
0 0.0359375 0.5890625 0.071875 0.084375
0 0.51328125 0.56796875 0.1828125 0.1109375
0 0.7359375 0.575 0.190625 0.14375
0 0.79765625 0.4375 0.0984375 0.125
0 0.4515625 0.4328125 0.10625 0.15625
0 0.23515625 0.24765625 0.0578125 0.0671875
0 0.80625 0.22734375 0.1875 0.1734375
0 0.56953125 0.0859375 0.0796875 0.096875
0 0.29765625 0.09453125 0.3234375 0.1890625
