0 0.68984375 0.984375 0.0734375 0.03125
0 0.525 0.9390625 0.109375 0.090625
0 0.0984375 0.92578125 0.196875 0.1484375
0 0.3375 0.90625 0.153125 0.1875
0 0.71796875 0.71796875 0.0765625 0.0671875
0 0.1515625 0.6953125 0.090625 0.084375
0 0.02578125 0.55859375 0.0515625 0.0578125
0 0.940625 0.684375 0.11875 0.3875
0 0.54609375 0.52734375 0.0984375 0.1578125
0 0.38515625 0.45234375 0.0890625 0.1765625
0 0.10859375 0.41953125 0.2046875 0.1828125
0 0.02265625 0.30234375 0.0453125 0.0515625
0 0.38203125 0.2234375 0.0546875 0.065625
0 0.0625 0.20703125 0.0875 0.1140625
0 0.1984375 0.1390625 0.096875 0.071875
0 0.9328125 0.196875 0.134375 0.2
0 0.6171875 0.2484375 0.321875 0.346875
0 0.953125 0.04140625 0.09375 0.0828125
