0 0.93984375 0.971875 0.1203125 0.05625
0 0.27421875 0.8765625 0.0859375 0.078125
0 0.621875 0.7953125 0.46875 0.365625
0 0.86640625 0.64140625 0.1171875 0.1140625
0 0.68359375 0.553125 0.1453125 0.16875
0 0.28828125 0.415625 0.0796875 0.06875
0 0.45859375 0.4828125 0.2015625 0.24375
0 0.92265625 0.384375 0.0984375 0.096875
0 0.5625 0.25234375 0.1125 0.1953125
0 0.87578125 0.0734375 0.2078125 0.146875
0 0.6796875 0.03828125 0.159375 0.0765625
0 0.30859375 0.13203125 0.2578125 0.2640625
0 0.1078125 0.11640625 0.215625 0.2328125
