0 0.70859375 0.971875 0.1140625 0.05625
0 0.48203125 0.90859375 0.1328125 0.1828125
0 0.83125 0.7796875 0.053125 0.053125
0 0.84765625 0.6828125 0.0484375 0.053125
0 0.47421875 0.68671875 0.1390625 0.1421875
0 0.3578125 0.5796875 0.08125 0.084375
0 0.5875 0.534375 0.05 0.071875
0 0.63828125 0.50859375 0.0484375 0.0484375
0 0.984375 0.44453125 0.03125 0.0765625
0 0.19765625 0.43203125 0.0953125 0.1171875
0 0.38046875 0.3625 0.1328125 0.13125
0 0.74453125 0.2171875 0.0796875 0.1125
0 0.5953125 0.13515625 0.096875 0.1140625
0 0.88984375 0.10546875 0.0703125 0.0765625
0 0.31796875 0.09375 0.0546875 0.0625
0 0.9765625 0.12109375 0.046875 0.1453125
