0 0.18359375 0.940625 0.0546875 0.075
0 0.97578125 0.91328125 0.0484375 0.0984375
0 0.29375 0.88125 0.165625 0.10625
0 0.4890625 0.8296875 0.05625 0.071875
0 0.271875 0.56796875 0.153125 0.0953125
0 0.04296875 0.5484375 0.0859375 0.10625
0 0.91328125 0.60078125 0.1140625 0.2328125
0 0.56015625 0.50859375 0.0703125 0.0640625
0 0.66875 0.47109375 0.05 0.0484375
0 0.4 0.47109375 0.06875 0.0671875
0 0.978125 0.421875 0.04375 0.059375
0 0.834375 0.27265625 0.05 0.0515625
0 0.33671875 0.20625 0.1015625 0.10625
0 0.0609375 0.03515625 0.090625 0.0640625
