0 0.57421875 0.98125 0.0546875 0.0375
0 0.84765625 0.92265625 0.0484375 0.0484375
0 0.6703125 0.8734375 0.128125 0.10625
0 0.80390625 0.8703125 0.1296875 0.203125
0 0.7625 0.79140625 0.059375 0.0546875
0 0.625 0.78046875 0.05625 0.0640625
0 0.859375 0.725 0.059375 0.08125
0 0.2046875 0.83515625 0.225 0.3296875
0 0.73125 0.66171875 0.05625 0.0515625
0 0.83515625 0.64921875 0.0484375 0.0484375
0 0.8828125 0.45859375 0.234375 0.5453125
0 0.65 0.10546875 0.38125 0.1953125
0 0.89140625 0.08359375 0.2078125 0.1671875
0 0.40625 0.0171875 0.06875 0.034375
