0 0.36015625 0.81953125 0.3578125 0.3609375
0 0.0421875 0.6390625 0.084375 0.203125
0 0.19140625 0.51484375 0.0671875 0.0859375
0 0.64765625 0.3421875 0.0671875 0.084375
0 0.03359375 0.3671875 0.0671875 0.14375
0 0.928125 0.26640625 0.14375 0.1140625
0 0.68515625 0.2328125 0.1140625 0.1
0 0.5609375 0.21171875 0.059375 0.0578125
0 0.2046875 0.3921875 0.409375 0.440625
0 0.47578125 0.19453125 0.0640625 0.0671875
0 0.31796875 0.1765625 0.0734375 0.06875
0 0.01953125 0.12734375 0.0390625 0.0546875
0 0.58203125 0.028125 0.0765625 0.05625
