0 0.93125 0.965625 0.1375 0.06875
0 0.196875 0.95234375 0.1625 0.0953125
0 0.4546875 0.875 0.065625 0.0875
0 0.1609375 0.8296875 0.16875 0.140625
0 0.74765625 0.8125 0.1953125 0.28125
0 0.2375 0.70625 0.065625 0.090625
0 0.0265625 0.69296875 0.053125 0.0734375
0 0.428125 0.68984375 0.090625 0.1171875
0 0.63515625 0.590625 0.1203125 0.175
0 0.9453125 0.3984375 0.08125 0.078125
0 0.66953125 0.353125 0.1515625 0.11875
0 0.45859375 0.32890625 0.1546875 0.1453125
0 0.91484375 0.2953125 0.0765625 0.084375
0 0.57109375 0.26875 0.0890625 0.078125
0 0.928125 0.071875 0.14375 0.14375
0 0.7421875 0.128125 0.234375 0.25625
