0 0.9515625 0.96171875 0.096875 0.0765625
0 0.3078125 0.85078125 0.171875 0.1421875
0 0.640625 0.78984375 0.05625 0.0640625
0 0.9546875 0.74609375 0.090625 0.2078125
0 0.52109375 0.6296875 0.0515625 0.053125
0 0.10703125 0.62890625 0.0828125 0.0640625
0 0.82578125 0.67265625 0.1015625 0.1609375
0 0.865625 0.6015625 0.053125 0.05
0 0.19296875 0.4046875 0.0609375 0.059375
0 0.3515625 0.25859375 0.06875 0.0765625
0 0.73984375 0.1859375 0.5203125 0.371875
0 0.3140625 0.06796875 0.134375 0.1359375
0 0.10546875 0.16171875 0.2109375 0.3234375
