0 0.021875 0.98515625 0.04375 0.0296875
0 0.09921875 0.9296875 0.1140625 0.140625
0 0.01328125 0.88125 0.0265625 0.0625
0 0.78515625 0.84765625 0.3890625 0.3046875
0 0.546875 0.57890625 0.2375 0.1609375
0 0.8625 0.60703125 0.14375 0.2390625
0 0.940625 0.49140625 0.1 0.1046875
0 0.4125 0.37890625 0.05 0.0484375
0 0.40703125 0.48359375 0.8140625 0.7171875
0 0.01640625 0.12421875 0.0328125 0.0484375
0 0.928125 0.11640625 0.14375 0.2328125
0 0.41953125 0.05546875 0.2453125 0.1109375
0 0.0203125 0.0203125 0.040625 0.040625
