0 0.3625 0.97109375 0.06875 0.0546875
0 0.91015625 0.93515625 0.1796875 0.1296875
0 0.15390625 0.89453125 0.0484375 0.0484375
0 0.0125 0.884375 0.025 0.05
0 0.49375 0.87265625 0.575 0.2546875
0 0.834375 0.79375 0.33125 0.171875
0 0.12265625 0.7140625 0.0609375 0.059375
0 0.55 0.65703125 0.078125 0.0671875
0 0.9828125 0.68828125 0.034375 0.1578125
0 0.0453125 0.6453125 0.090625 0.178125
0 0.184375 0.525 0.05625 0.05625
0 0.01640625 0.5203125 0.0328125 0.071875
0 0.2796875 0.38984375 0.203125 0.1671875
0 0.9859375 0.26796875 0.028125 0.0578125
0 0.903125 0.165625 0.14375 0.175
0 0.37109375 0.1390625 0.1515625 0.259375
0 0.50078125 0.01328125 0.0484375 0.0265625
