0 0.1046875 0.9875 0.05 0.025
0 0.978125 0.97265625 0.04375 0.0546875
0 0.81953125 0.96953125 0.0484375 0.0484375
0 0.91171875 0.89296875 0.1453125 0.0984375
0 0.26328125 0.90859375 0.2890625 0.1828125
0 0.028125 0.86640625 0.05625 0.1296875
0 0.83203125 0.803125 0.0515625 0.0625
0 0.46484375 0.79921875 0.0734375 0.0703125
0 0.97890625 0.68671875 0.0421875 0.0484375
0 0.071875 0.63046875 0.14375 0.2828125
0 0.084375 0.35546875 0.053125 0.0640625
0 0.02734375 0.340625 0.0546875 0.06875
0 0.603125 0.63125 0.79375 0.7375
0 0.1578125 0.2703125 0.05625 0.053125
0 0.74921875 0.278125 0.1203125 0.084375
0 0.34375 0.34765625 0.496875 0.3515625
0 0.7015625 0.07734375 0.06875 0.0671875
0 0.9796875 0.0203125 0.040625 0.040625
0 0.5625 0.0734375 0.178125 0.146875
