0 0.9828125 0.95546875 0.034375 0.0703125
0 0.5109375 0.9515625 0.071875 0.0625
0 0.90390625 0.95390625 0.1078125 0.0921875
0 0.09609375 0.634375 0.1921875 0.18125
0 0.01875 0.54296875 0.0375 0.0703125
0 0.21015625 0.4859375 0.0890625 0.103125
0 0.64453125 0.41484375 0.0640625 0.0671875
0 0.0421875 0.43515625 0.084375 0.1078125
0 0.453125 0.40625 0.2375 0.159375
0 0.10390625 0.34140625 0.0484375 0.0484375
0 0.53671875 0.30859375 0.0609375 0.0578125
0 0.19140625 0.196875 0.0734375 0.059375
0 0.28828125 0.11171875 0.0609375 0.0578125
0 0.6546875 0.25546875 0.690625 0.5109375
0 0.0953125 0.14453125 0.190625 0.2890625
