0 0.17265625 0.9875 0.0484375 0.025
0 0.0125 0.953125 0.025 0.053125
0 0.49375 0.940625 0.1375 0.11875
0 0.153125 0.9109375 0.0625 0.059375
0 0.25703125 0.90859375 0.1140625 0.0765625
0 0.68828125 0.86640625 0.0484375 0.0484375
0 0.34921875 0.90703125 0.1484375 0.1421875
0 0.1515625 0.82890625 0.065625 0.0578125
0 0.58671875 0.81953125 0.0609375 0.0640625
0 0.6671875 0.76875 0.05625 0.05625
0 0.08671875 0.75703125 0.0484375 0.0484375
0 0.75078125 0.75390625 0.0484375 0.0484375
0 0.38046875 0.68671875 0.0984375 0.1203125
0 0.2140625 0.7265625 0.209375 0.2375
0 0.046875 0.625 0.090625 0.078125
0 0.89140625 0.67734375 0.2171875 0.2140625
0 0.96015625 0.55703125 0.0578125 0.0578125
0 0.06328125 0.5375 0.0609375 0.05625
0 0.32734375 0.5609375 0.0828125 0.109375
0 0.73203125 0.546875 0.1390625 0.125
0 0.8375 0.50625 0.05 0.059375
0 0.9234375 0.45703125 0.14375 0.1109375
0 0.34375 0.43828125 0.059375 0.0765625
0 0.040625 0.40390625 0.08125 0.0796875
0 0.76875 0.3609375 0.065625 0.06875
0 0.18671875 0.4421875 0.2265625 0.296875
0 0.03359375 0.31875 0.0578125 0.053125
0 0.609375 0.35078125 0.2375 0.3046875
0 0.17109375 0.25625 0.0921875 0.115625
0 0.08671875 0.18125 0.0578125 0.071875
0 0.8015625 0.20546875 0.125 0.1296875
0 0.484375 0.22265625 0.44375 0.3171875
0 0.29375 0.09296875 0.125 0.0640625
0 0.046875 0.10546875 0.09375 0.1140625
0 0.88828125 0.1921875 0.2234375 0.346875
0 0.96875 0.021875 0.05 0.04375
0 0.6828125 0.03125 0.071875 0.0625
0 0.56796875 0.025 0.0828125 0.05
0 0.45859375 0.065625 0.0796875 0.13125
0 0.1765625 0.065625 0.115625 0.13125
