0 0.8875 0.8703125 0.121875 0.128125
0 0.86796875 0.67578125 0.0484375 0.0484375
0 0.91484375 0.61484375 0.0578125 0.0515625
0 0.2046875 0.53671875 0.05 0.0484375
0 0.896875 0.44375 0.08125 0.13125
0 0.6578125 0.6546875 0.371875 0.690625
0 0.97421875 0.33671875 0.0515625 0.0578125
0 0.903125 0.31171875 0.053125 0.0578125
0 0.57578125 0.26171875 0.0484375 0.0484375
0 0.96640625 0.26171875 0.0671875 0.0546875
0 0.30625 0.28984375 0.165625 0.1328125
0 0.846875 0.24375 0.071875 0.0625
0 0.65390625 0.303125 0.1796875 0.19375
0 0.4890625 0.22734375 0.075 0.0734375
0 0.39296875 0.15 0.0953125 0.05625
0 0.87578125 0.146875 0.0515625 0.053125
0 0.16328125 0.07734375 0.0484375 0.0484375
0 0.1703125 0.2953125 0.340625 0.509375
0 0.98203125 0.05 0.0359375 0.05
0 0.23359375 0.04296875 0.0890625 0.0734375
0 0.76328125 0.1234375 0.1765625 0.246875
0 0.5421875 0.06640625 0.246875 0.1328125
