0 0.34765625 0.9765625 0.0765625 0.046875
0 0.7921875 0.965625 0.153125 0.06875
0 0.2265625 0.96328125 0.084375 0.0734375
0 0.98359375 0.80703125 0.0328125 0.0703125
0 0.01796875 0.7171875 0.0359375 0.065625
0 0.14609375 0.6921875 0.0546875 0.053125
0 0.759375 0.75625 0.48125 0.4875
0 0.35234375 0.75625 0.7046875 0.4875
0 0.93984375 0.5625 0.1203125 0.1125
0 0.103125 0.51796875 0.128125 0.0765625
0 0.77421875 0.44453125 0.0828125 0.0640625
0 0.13515625 0.38671875 0.0515625 0.0484375
0 0.70078125 0.371875 0.0828125 0.0625
0 0.78046875 0.365625 0.0578125 0.0625
0 0.5578125 0.41328125 0.171875 0.1890625
0 0.4359375 0.26640625 0.053125 0.0515625
0 0.4921875 0.2671875 0.053125 0.059375
0 0.909375 0.2 0.0625 0.05625
0 0.784375 0.228125 0.2125 0.209375
0 0.63125 0.08046875 0.159375 0.1265625
0 0.9828125 0.01484375 0.034375 0.0296875
