0 0.365625 0.9703125 0.165625 0.059375
0 0.74453125 0.93828125 0.1234375 0.1234375
0 0.28046875 0.8390625 0.2140625 0.196875
0 0.17890625 0.7859375 0.0953125 0.140625
0 0.059375 0.75390625 0.11875 0.1765625
0 0.11953125 0.66640625 0.0515625 0.0546875
0 0.03671875 0.578125 0.0734375 0.16875
0 0.0453125 0.39140625 0.0875 0.0671875
0 0.046875 0.25546875 0.05 0.0484375
0 0.9140625 0.175 0.171875 0.271875
0 0.78828125 0.09765625 0.2296875 0.1953125
0 0.52421875 0.4328125 0.9515625 0.865625
