0 0.58671875 0.984375 0.0578125 0.03125
0 0.50859375 0.98359375 0.0578125 0.0328125
0 0.9734375 0.978125 0.053125 0.04375
0 0.0453125 0.86640625 0.090625 0.1578125
0 0.1796875 0.78515625 0.078125 0.0671875
0 0.52734375 0.74609375 0.0578125 0.0515625
0 0.1328125 0.70546875 0.0625 0.0671875
0 0.865625 0.715625 0.26875 0.15625
0 0.23671875 0.8171875 0.2984375 0.365625
0 0.03046875 0.61953125 0.0609375 0.0828125
0 0.0546875 0.39765625 0.05 0.0484375
0 0.18125 0.48359375 0.225 0.4015625
0 0.021875 0.19375 0.04375 0.0875
0 0.10625 0.08515625 0.059375 0.0671875
0 0.8234375 0.034375 0.059375 0.0625
0 0.5859375 0.1421875 0.234375 0.284375
0 0.53359375 0.0125 0.0484375 0.025
0 0.3953125 0.01796875 0.096875 0.0359375
0 0.321875 0.1125 0.19375 0.225
