0 0.89375 0.9859375 0.05 0.028125
0 0.71015625 0.9859375 0.0484375 0.028125
0 0.184375 0.9828125 0.05625 0.034375
0 0.36875 0.9671875 0.096875 0.05625
0 0.6234375 0.9375 0.05625 0.065625
0 0.68046875 0.92734375 0.0484375 0.0484375
0 0.97734375 0.925 0.0453125 0.05625
0 0.51171875 0.91328125 0.0484375 0.0484375
0 0.2734375 0.859375 0.05 0.05
0 0.82734375 0.85859375 0.0671875 0.0640625
0 0.07734375 0.81484375 0.0609375 0.0578125
0 0.66328125 0.809375 0.0484375 0.05
0 0.45390625 0.803125 0.0546875 0.05625
0 0.75546875 0.796875 0.0609375 0.084375
0 0.64921875 0.68828125 0.0484375 0.0484375
0 0.11953125 0.6765625 0.0609375 0.059375
0 0.93984375 0.6890625 0.1171875 0.090625
0 0.528125 0.66484375 0.05625 0.0515625
0 0.45390625 0.65546875 0.0484375 0.0484375
0 0.24296875 0.64609375 0.0734375 0.0546875
0 0.7515625 0.66328125 0.065625 0.1140625
0 0.9828125 0.59453125 0.034375 0.0484375
0 0.55546875 0.55703125 0.0796875 0.0578125
0 0.39140625 0.51015625 0.0484375 0.0484375
0 0.23984375 0.48828125 0.1203125 0.1078125
0 0.7265625 0.4546875 0.06875 0.05625
0 0.85546875 0.44453125 0.0484375 0.0484375
0 0.9390625 0.44609375 0.059375 0.0546875
0 0.40859375 0.4203125 0.0796875 0.053125
0 0.5390625 0.4 0.184375 0.109375
0 0.29609375 0.34296875 0.1015625 0.0921875
0 0.39453125 0.29140625 0.0953125 0.0578125
0 0.575 0.28828125 0.10625 0.1078125
0 0.2328125 0.21640625 0.053125 0.0515625
0 0.546875 0.1921875 0.05625 0.053125
0 0.91328125 0.1796875 0.0515625 0.053125
0 0.7921875 0.19765625 0.121875 0.1140625
0 0.74609375 0.12734375 0.0546875 0.0515625
0 0.30703125 0.1453125 0.1546875 0.1
0 0.27890625 0.071875 0.0484375 0.05
0 0.69296875 0.05 0.0515625 0.05625
0 0.98671875 0.01328125 0.0265625 0.0265625
0 0.7875 0.02109375 0.075 0.0421875
0 0.4140625 0.06171875 0.203125 0.1234375
0 0.215625 0.0140625 0.053125 0.028125
