0 0.52890625 0.95859375 0.0765625 0.0703125
0 0.34375 0.71875 0.05 0.05
0 0.42265625 0.675 0.0515625 0.05
0 0.81171875 0.70234375 0.1734375 0.1359375
0 0.3921875 0.60078125 0.05 0.0515625
0 0.915625 0.52421875 0.11875 0.0890625
0 0.075 0.5015625 0.075 0.05625
0 0.59765625 0.49140625 0.0671875 0.0703125
0 0.51484375 0.5015625 0.0921875 0.215625
0 0.93203125 0.4 0.1359375 0.08125
0 0.034375 0.3765625 0.06875 0.090625
0 0.14453125 0.38671875 0.0921875 0.1140625
0 0.3328125 0.29453125 0.05 0.0484375
0 0.7796875 0.36171875 0.1375 0.1953125
0 0.36171875 0.20390625 0.0953125 0.0828125
0 0.83203125 0.08671875 0.1328125 0.1734375
