0 0.49765625 0.83828125 0.0484375 0.0484375
0 0.2109375 0.7375 0.075 0.071875
0 0.5359375 0.72421875 0.053125 0.0515625
0 0.053125 0.71953125 0.05625 0.0578125
0 0.45703125 0.73203125 0.0984375 0.1140625
0 0.43671875 0.62265625 0.0859375 0.0703125
0 0.72421875 0.60703125 0.0484375 0.0515625
0 0.53515625 0.590625 0.0671875 0.075
0 0.24921875 0.603125 0.2171875 0.19375
0 0.36328125 0.50859375 0.0484375 0.0515625
0 0.5421875 0.465625 0.06875 0.075
0 0.2828125 0.4328125 0.121875 0.128125
0 0.39296875 0.3640625 0.0578125 0.059375
0 0.13125 0.30625 0.05 0.05
0 0.53984375 0.384375 0.2484375 0.234375
0 0.66796875 0.31796875 0.0703125 0.1109375
0 0.29375 0.24921875 0.075 0.0671875
0 0.65625 0.2359375 0.05 0.05
0 0.40703125 0.19140625 0.0484375 0.0484375
0 0.09375 0.1890625 0.0625 0.053125
0 0.5703125 0.13671875 0.134375 0.1609375
0 0.69375 0.053125 0.05625 0.05625
0 0.51484375 0.5 0.9703125 1.0
