0 0.021875 0.98046875 0.04375 0.0390625
0 0.13671875 0.9484375 0.1328125 0.103125
0 0.521875 0.86171875 0.0625 0.0609375
0 0.0125 0.85390625 0.025 0.0484375
0 0.603125 0.83828125 0.05 0.0484375
0 0.07421875 0.81171875 0.0546875 0.0546875
0 0.353125 0.27734375 0.05625 0.0546875
0 0.23125 0.2640625 0.053125 0.059375
0 0.06796875 0.28984375 0.1359375 0.2265625
0 0.40859375 0.20078125 0.0859375 0.1078125
0 0.47890625 0.1234375 0.0484375 0.053125
0 0.5 0.5 1.0 1.0
0 0.33359375 0.08203125 0.2453125 0.1640625
0 0.14765625 0.0875 0.2953125 0.175
