0 0.51875 0.9625 0.109375 0.075
0 0.4140625 0.89765625 0.134375 0.0890625
0 0.2875 0.846875 0.1375 0.121875
0 0.68828125 0.80234375 0.2265625 0.1859375
0 0.11015625 0.7 0.0921875 0.0875
0 0.871875 0.678125 0.0625 0.071875
0 0.56328125 0.7046875 0.2453125 0.234375
0 0.49140625 0.58828125 0.0609375 0.0609375
0 0.83671875 0.5421875 0.2609375 0.190625
0 0.065625 0.54609375 0.13125 0.1984375
0 0.346875 0.54296875 0.153125 0.2203125
0 0.184375 0.4171875 0.08125 0.06875
0 0.975 0.39296875 0.05 0.0765625
0 0.39140625 0.35703125 0.1359375 0.0921875
0 0.13515625 0.20546875 0.0609375 0.0609375
0 0.86328125 0.28125 0.2640625 0.309375
0 0.2359375 0.05625 0.06875 0.0625
0 0.78125 0.09140625 0.375 0.1828125
0 0.48359375 0.0828125 0.1765625 0.165625
