0 0.36875 0.9796875 0.11875 0.040625
0 0.01796875 0.965625 0.0359375 0.06875
0 0.81015625 0.93828125 0.0484375 0.0484375
0 0.58046875 0.93203125 0.0484375 0.0484375
0 0.6953125 0.940625 0.14375 0.11875
0 0.91875 0.865625 0.1625 0.26875
0 0.85703125 0.771875 0.0640625 0.08125
0 0.1796875 0.85 0.284375 0.3
0 0.2390625 0.58046875 0.140625 0.1890625
0 0.34765625 0.5015625 0.0546875 0.059375
0 0.3078125 0.425 0.153125 0.1375
0 0.84765625 0.4828125 0.3046875 0.434375
0 0.3234375 0.22265625 0.0875 0.1296875
0 0.94765625 0.19375 0.1046875 0.1
0 0.109375 0.48125 0.21875 0.721875
0 0.85625 0.134375 0.05 0.05
0 0.76953125 0.11953125 0.1015625 0.1015625
0 0.97890625 0.015625 0.0421875 0.03125
0 0.62734375 0.0234375 0.0546875 0.046875
0 0.21796875 0.04296875 0.2765625 0.0859375
0 0.0125 0.0234375 0.025 0.046875
