0 0.75390625 0.796875 0.1484375 0.11875
0 0.9296875 0.715625 0.140625 0.09375
0 0.98359375 0.55390625 0.0328125 0.0546875
0 0.94765625 0.46953125 0.0515625 0.0484375
0 0.85859375 0.46484375 0.0484375 0.0484375
0 0.75859375 0.41484375 0.1546875 0.1171875
0 0.346875 0.5796875 0.69375 0.525
0 0.809375 0.25859375 0.05 0.0484375
0 0.015625 0.2703125 0.03125 0.078125
0 0.146875 0.2234375 0.0625 0.084375
0 0.94453125 0.2125 0.1109375 0.134375
0 0.353125 0.090625 0.078125 0.05625
0 0.034375 0.140625 0.06875 0.16875
0 0.97578125 0.0953125 0.0484375 0.084375
0 0.12890625 0.0125 0.0546875 0.025
