0 0.0140625 0.68984375 0.028125 0.0578125
0 0.11171875 0.67578125 0.0828125 0.0859375
0 0.4453125 0.615625 0.053125 0.053125
0 0.93046875 0.57578125 0.1390625 0.1171875
0 0.5875 0.7515625 0.825 0.496875
0 0.63984375 0.48125 0.3515625 0.234375
0 0.94609375 0.371875 0.1078125 0.11875
0 0.0890625 0.3671875 0.115625 0.203125
0 0.7421875 0.2703125 0.371875 0.178125
0 0.225 0.23046875 0.153125 0.1578125
0 0.22421875 0.07734375 0.1015625 0.1109375
0 0.76328125 0.07109375 0.0765625 0.1171875
0 0.3421875 0.0328125 0.053125 0.053125
0 0.8703125 0.0421875 0.08125 0.078125
0 0.98671875 0.01328125 0.0265625 0.0265625
0 0.59296875 0.02734375 0.0765625 0.0546875
0 0.49375 0.015625 0.06875 0.03125
