0 0.72109375 0.96796875 0.1140625 0.0640625
0 0.46328125 0.940625 0.1796875 0.11875
0 0.53203125 0.79609375 0.0515625 0.0515625
0 0.196875 0.846875 0.39375 0.30625
0 0.6015625 0.66875 0.053125 0.05
0 0.0671875 0.671875 0.065625 0.0625
0 0.66875 0.59140625 0.05 0.0515625
0 0.42578125 0.56328125 0.0671875 0.0578125
0 0.16015625 0.53203125 0.1953125 0.1921875
0 0.52578125 0.453125 0.1359375 0.171875
0 0.703125 0.44296875 0.1375 0.2015625
0 0.5390625 0.334375 0.065625 0.053125
0 0.8046875 0.25859375 0.06875 0.0703125
0 0.03046875 0.12890625 0.0609375 0.0515625
0 0.0203125 0.05 0.040625 0.05625
0 0.3078125 0.03984375 0.05625 0.0578125
0 0.5671875 0.13359375 0.278125 0.2671875
0 0.16640625 0.1953125 0.2984375 0.390625
