0 0.27265625 0.94453125 0.0484375 0.0484375
0 0.18984375 0.959375 0.1078125 0.08125
0 0.015625 0.90546875 0.03125 0.0515625
0 0.8421875 0.884375 0.103125 0.125
0 0.040625 0.8453125 0.05625 0.053125
0 0.7203125 0.703125 0.05 0.05
0 0.90859375 0.72578125 0.0890625 0.1328125
0 0.8828125 0.46328125 0.05625 0.0890625
0 0.7234375 0.49609375 0.090625 0.1953125
0 0.91953125 0.38046875 0.0484375 0.0484375
0 0.18125 0.22734375 0.0875 0.0609375
0 0.78984375 0.29609375 0.1421875 0.2359375
0 0.38125 0.528125 0.55 0.94375
0 0.8125 0.065625 0.053125 0.05
0 0.9828125 0.05 0.034375 0.096875
0 0.6734375 0.03203125 0.140625 0.0640625
0 0.16328125 0.11328125 0.2796875 0.2265625
