0 0.43828125 0.9765625 0.0484375 0.046875
0 0.2109375 0.95625 0.134375 0.0875
0 0.46484375 0.815625 0.0765625 0.109375
0 0.821875 0.8140625 0.06875 0.115625
0 0.06484375 0.8390625 0.1296875 0.171875
0 0.7125 0.7609375 0.078125 0.090625
0 0.790625 0.61953125 0.05 0.0484375
0 0.03515625 0.5234375 0.0703125 0.084375
0 0.24375 0.6921875 0.340625 0.446875
0 0.846875 0.36640625 0.05 0.0484375
0 0.5484375 0.32578125 0.115625 0.1046875
0 0.6625 0.31015625 0.0625 0.0828125
0 0.7859375 0.17265625 0.1 0.0828125
0 0.9078125 0.06015625 0.184375 0.1203125
0 0.059375 0.2046875 0.11875 0.409375
