0 0.065625 0.95546875 0.13125 0.0890625
0 0.5578125 0.9015625 0.153125 0.196875
0 0.0828125 0.8328125 0.071875 0.090625
0 0.70859375 0.8875 0.1609375 0.225
0 0.7015625 0.740625 0.053125 0.065625
0 0.83828125 0.6875 0.3234375 0.2125
0 0.91015625 0.58125 0.0828125 0.084375
0 0.62421875 0.5671875 0.0578125 0.05625
0 0.278125 0.565625 0.10625 0.10625
0 0.7796875 0.3875 0.075 0.084375
0 0.56875 0.2171875 0.2 0.16875
0 0.81953125 0.165625 0.3609375 0.33125
0 0.25234375 0.25234375 0.5046875 0.5046875
