0 0.85859375 0.975 0.0703125 0.05
0 0.95703125 0.9609375 0.0796875 0.078125
0 0.80703125 0.8921875 0.0578125 0.059375
0 0.5921875 0.78984375 0.08125 0.0515625
0 0.78203125 0.69296875 0.0484375 0.0484375
0 0.3546875 0.77578125 0.709375 0.4484375
0 0.01484375 0.52890625 0.0296875 0.0546875
0 0.91015625 0.45859375 0.0671875 0.1453125
0 0.3765625 0.39453125 0.178125 0.0796875
0 0.14296875 0.24296875 0.1015625 0.1484375
0 0.8578125 0.190625 0.059375 0.05625
0 0.89453125 0.04296875 0.0765625 0.0515625
0 0.040625 0.04765625 0.08125 0.0953125
