0 0.86484375 0.9875 0.0484375 0.025
0 0.946875 0.953125 0.10625 0.09375
0 0.2046875 0.8546875 0.409375 0.290625
0 0.19609375 0.71484375 0.0578125 0.0640625
0 0.47890625 0.69921875 0.0703125 0.0796875
0 0.71171875 0.53515625 0.1640625 0.1640625
0 0.36953125 0.42265625 0.0609375 0.0734375
0 0.5578125 0.4171875 0.134375 0.1125
0 0.25078125 0.34453125 0.0859375 0.0765625
0 0.07734375 0.36796875 0.1546875 0.2171875
0 0.30234375 0.2 0.0484375 0.05
0 0.93359375 0.31484375 0.1328125 0.2984375
0 0.01484375 0.18671875 0.0296875 0.0484375
0 0.19609375 0.18359375 0.1265625 0.0734375
0 0.76328125 0.13515625 0.4734375 0.2703125
0 0.21875 0.03515625 0.321875 0.0703125
