0 0.56015625 0.9859375 0.0484375 0.028125
0 0.68515625 0.8953125 0.1765625 0.209375
0 0.06953125 0.72265625 0.1390625 0.1546875
0 0.6828125 0.646875 0.428125 0.2625
0 0.98046875 0.565625 0.0390625 0.10625
0 0.6125 0.5234375 0.090625 0.090625
0 0.8171875 0.46796875 0.071875 0.0671875
0 0.21953125 0.465625 0.0984375 0.09375
0 0.41171875 0.33828125 0.0484375 0.0484375
0 0.09140625 0.31328125 0.1515625 0.1453125
0 0.2609375 0.25234375 0.140625 0.2453125
0 0.80703125 0.1953125 0.1015625 0.190625
0 0.16796875 0.06953125 0.0484375 0.0484375
0 0.103125 0.06875 0.071875 0.059375
0 0.31796875 0.0609375 0.0859375 0.096875
0 0.6546875 0.03984375 0.065625 0.0578125
0 0.0125 0.01875 0.025 0.0375
