0 0.27890625 0.92421875 0.0515625 0.0515625
0 0.50625 0.82421875 0.05 0.0515625
0 0.7203125 0.68984375 0.1125 0.1046875
0 0.0625 0.6390625 0.05 0.053125
0 0.9796875 0.6 0.040625 0.065625
0 0.378125 0.40703125 0.053125 0.0546875
0 0.4453125 0.40703125 0.078125 0.1046875
0 0.5453125 0.3953125 0.078125 0.096875
0 0.01796875 0.36875 0.0359375 0.065625
0 0.2546875 0.2984375 0.0625 0.09375
0 0.08984375 0.3046875 0.1796875 0.171875
0 0.5140625 0.1453125 0.115625 0.109375
0 0.77734375 0.1234375 0.0640625 0.084375
0 0.96640625 0.021875 0.0671875 0.04375
0 0.04609375 0.0265625 0.0921875 0.053125
