0 0.98046875 0.9875 0.0390625 0.025
0 0.0140625 0.98671875 0.028125 0.0265625
0 0.47578125 0.92109375 0.1515625 0.1109375
0 0.23828125 0.88515625 0.2234375 0.1171875
0 0.97578125 0.86171875 0.0484375 0.0859375
0 0.053125 0.84453125 0.10625 0.0890625
0 0.046875 0.73671875 0.09375 0.0765625
0 0.73984375 0.5125 0.0484375 0.05
0 0.3703125 0.4125 0.109375 0.0875
0 0.48203125 0.3796875 0.0578125 0.05
0 0.88203125 0.084375 0.0609375 0.06875
0 0.85625 0.01953125 0.06875 0.0390625
0 0.71484375 0.0375 0.1640625 0.075
0 0.17578125 0.19296875 0.3515625 0.3859375
