0 0.96875 0.9875 0.05 0.025
0 0.76015625 0.97265625 0.0484375 0.0484375
0 0.03359375 0.97109375 0.0671875 0.0578125
0 0.190625 0.875 0.134375 0.20625
0 0.3 0.80859375 0.075 0.0953125
0 0.74765625 0.75 0.0578125 0.071875
0 0.33203125 0.38828125 0.0515625 0.0515625
0 0.0234375 0.36953125 0.046875 0.1109375
0 0.23203125 0.24609375 0.0484375 0.0484375
0 0.91328125 0.17109375 0.1546875 0.1515625
0 0.6859375 0.2703125 0.359375 0.35
0 0.91796875 0.01328125 0.0484375 0.0265625
0 0.2171875 0.0234375 0.11875 0.046875
