0 0.04765625 0.94375 0.0484375 0.053125
0 0.49921875 0.87734375 0.0484375 0.0484375
0 0.6125 0.87578125 0.096875 0.0640625
0 0.078125 0.85859375 0.05 0.0484375
0 0.07109375 0.78046875 0.0859375 0.0578125
0 0.35390625 0.7828125 0.1890625 0.15
0 0.11484375 0.6328125 0.2046875 0.103125
0 0.9140625 0.48125 0.171875 0.15625
0 0.6109375 0.31171875 0.10625 0.1109375
0 0.94453125 0.2625 0.1109375 0.1375
0 0.2546875 0.1578125 0.128125 0.096875
0 0.74453125 0.08828125 0.1046875 0.0890625
0 0.07734375 0.09140625 0.1546875 0.1828125
