0 0.315625 0.97890625 0.071875 0.0421875
0 0.209375 0.9703125 0.13125 0.059375
0 0.878125 0.94296875 0.115625 0.1140625
0 0.590625 0.940625 0.103125 0.11875
0 0.05078125 0.92109375 0.0890625 0.1078125
0 0.53515625 0.80078125 0.0859375 0.1234375
0 0.11953125 0.6203125 0.1109375 0.075
0 0.2234375 0.578125 0.090625 0.08125
0 0.5546875 0.30078125 0.053125 0.0515625
0 0.675 0.24296875 0.05 0.0484375
0 0.740625 0.23515625 0.059375 0.0890625
0 0.5734375 0.1484375 0.090625 0.115625
0 0.38203125 0.02734375 0.1734375 0.0546875
