0 0.58359375 0.890625 0.0484375 0.05
0 0.35859375 0.7515625 0.0578125 0.0625
0 0.828125 0.853125 0.34375 0.29375
0 0.10703125 0.703125 0.1109375 0.08125
0 0.93828125 0.7046875 0.1234375 0.1125
0 0.98203125 0.45859375 0.0359375 0.0546875
0 0.08203125 0.50390625 0.1640625 0.2546875
0 0.5359375 0.41328125 0.090625 0.1234375
0 0.51328125 0.19765625 0.0984375 0.0953125
0 0.628125 0.190625 0.125 0.109375
0 0.77890625 0.15234375 0.0484375 0.0515625
0 0.07265625 0.23359375 0.1453125 0.2859375
0 0.87890625 0.24765625 0.2421875 0.4953125
0 0.73125 0.0578125 0.1 0.115625
