0 0.91328125 0.9484375 0.1734375 0.103125
0 0.2546875 0.946875 0.1 0.10625
0 0.4921875 0.91015625 0.109375 0.1046875
0 0.87890625 0.66171875 0.0546875 0.0515625
0 0.48984375 0.62734375 0.0484375 0.0484375
0 0.95546875 0.62265625 0.0484375 0.0484375
0 0.84765625 0.48828125 0.1421875 0.1296875
0 0.2984375 0.4609375 0.0875 0.165625
0 0.9671875 0.37109375 0.065625 0.0984375
0 0.06796875 0.23203125 0.0734375 0.0640625
0 0.20625 0.19453125 0.175 0.2140625
0 0.89609375 0.01484375 0.0484375 0.0296875
0 0.43984375 0.05390625 0.3265625 0.1078125
