0 0.20078125 0.9609375 0.1265625 0.078125
0 0.8921875 0.96015625 0.121875 0.0796875
0 0.08359375 0.7125 0.0609375 0.0625
0 0.5578125 0.684375 0.05 0.05
0 0.78515625 0.50859375 0.0703125 0.0796875
0 0.12421875 0.44765625 0.0515625 0.0640625
0 0.58515625 0.43515625 0.0671875 0.0828125
0 0.76953125 0.38203125 0.1015625 0.1453125
0 0.35625 0.35 0.1 0.08125
0 0.15234375 0.33203125 0.0671875 0.0609375
0 0.234375 0.31171875 0.06875 0.0546875
0 0.6 0.05703125 0.071875 0.0828125
0 0.46171875 0.02265625 0.0671875 0.0453125
