0 0.12109375 0.79921875 0.2421875 0.1609375
0 0.9875 0.73203125 0.025 0.0484375
0 0.46953125 0.64921875 0.0484375 0.0484375
0 0.37265625 0.6203125 0.1390625 0.171875
0 0.52109375 0.57109375 0.1453125 0.0859375
0 0.56171875 0.4609375 0.0828125 0.09375
0 0.91484375 0.390625 0.1703125 0.253125
0 0.97890625 0.28984375 0.0421875 0.0703125
0 0.23203125 0.27890625 0.0546875 0.0515625
0 0.50625 0.26171875 0.08125 0.0734375
0 0.6 0.1890625 0.05625 0.065625
0 0.95546875 0.1765625 0.0609375 0.075
0 0.21171875 0.1109375 0.1078125 0.1
0 0.84921875 0.08671875 0.0515625 0.0546875
0 0.915625 0.0234375 0.16875 0.046875
0 0.27578125 0.0234375 0.0609375 0.046875
