0 0.34453125 0.98125 0.0921875 0.0375
0 0.915625 0.92890625 0.16875 0.1421875
0 0.028125 0.73671875 0.05625 0.0640625
0 0.52109375 0.74375 0.1203125 0.1625
0 0.11171875 0.68125 0.1015625 0.121875
0 0.24375 0.628125 0.053125 0.053125
0 0.91171875 0.49765625 0.0515625 0.0546875
0 0.0671875 0.2453125 0.09375 0.053125
0 0.9640625 0.2265625 0.071875 0.103125
0 0.04375 0.1828125 0.053125 0.05
0 0.7828125 0.1625 0.059375 0.05625
0 0.628125 0.5421875 0.6875 0.915625
0 0.58671875 0.0140625 0.0578125 0.028125
0 0.18828125 0.03203125 0.1734375 0.0640625
