0 0.9640625 0.98359375 0.071875 0.0328125
0 0.621875 0.971875 0.171875 0.05625
0 0.20703125 0.9640625 0.1546875 0.071875
0 0.403125 0.9546875 0.0625 0.059375
0 0.175 0.81875 0.0625 0.090625
0 0.31953125 0.784375 0.1421875 0.134375
0 0.84921875 0.8265625 0.3015625 0.346875
0 0.30234375 0.621875 0.2140625 0.115625
0 0.9796875 0.48125 0.040625 0.08125
0 0.6078125 0.46171875 0.1 0.1265625
0 0.72890625 0.5046875 0.1328125 0.246875
0 0.859375 0.3640625 0.13125 0.090625
0 0.1765625 0.2625 0.328125 0.215625
