0 0.74453125 0.95234375 0.0734375 0.0953125
0 0.0421875 0.93671875 0.084375 0.1265625
0 0.74453125 0.8671875 0.0484375 0.05
0 0.4421875 0.8234375 0.071875 0.06875
0 0.2328125 0.89453125 0.265625 0.2109375
0 0.75078125 0.73359375 0.0671875 0.0859375
0 0.43984375 0.61171875 0.0484375 0.0484375
0 0.0171875 0.45234375 0.034375 0.1078125
0 0.278125 0.39140625 0.05 0.0609375
0 0.4453125 0.38515625 0.0625 0.0796875
0 0.7453125 0.37578125 0.078125 0.0828125
0 0.13125 0.3640625 0.1125 0.1375
0 0.8359375 0.190625 0.05625 0.059375
0 0.5046875 0.03984375 0.059375 0.0578125
