0 0.5828125 0.70859375 0.059375 0.0578125
0 0.89765625 0.8234375 0.2046875 0.353125
0 0.0640625 0.49140625 0.09375 0.1109375
0 0.28125 0.365625 0.15625 0.078125
0 0.10078125 0.3140625 0.2015625 0.175
0 0.90546875 0.24296875 0.1171875 0.1515625
0 0.984375 0.1078125 0.03125 0.065625
0 0.0125 0.09609375 0.025 0.0484375
0 0.065625 0.03984375 0.0625 0.0765625
0 0.94375 0.03046875 0.08125 0.0609375
0 0.6578125 0.334375 0.684375 0.66875
0 0.43671875 0.0515625 0.2390625 0.103125
0 0.20859375 0.14609375 0.1984375 0.2921875
