0 0.95859375 0.9796875 0.0828125 0.040625
0 0.3046875 0.9390625 0.084375 0.121875
0 0.78671875 0.921875 0.1359375 0.115625
0 0.703125 0.77734375 0.46875 0.4453125
0 0.72734375 0.5578125 0.0609375 0.071875
0 0.91484375 0.47265625 0.0515625 0.0484375
0 0.60078125 0.47265625 0.3203125 0.2046875
0 0.4671875 0.16171875 0.10625 0.1296875
0 0.61796875 0.0734375 0.1703125 0.146875
0 0.40703125 0.04921875 0.1828125 0.0984375
0 0.1453125 0.03359375 0.071875 0.0671875
0 0.08984375 0.2609375 0.1796875 0.521875
