0 0.784375 0.971875 0.05 0.05
0 0.52109375 0.91328125 0.1328125 0.1171875
0 0.4375 0.8640625 0.09375 0.1625
0 0.33671875 0.78671875 0.0640625 0.0796875
0 0.9234375 0.78828125 0.153125 0.1640625
0 0.828125 0.69921875 0.05 0.0546875
0 0.7203125 0.78125 0.128125 0.3
0 0.8421875 0.5984375 0.05 0.059375
0 0.94609375 0.65078125 0.1078125 0.1859375
0 0.515625 0.659375 0.2375 0.20625
0 0.64609375 0.5609375 0.0484375 0.05
0 0.07890625 0.528125 0.0515625 0.05625
0 0.8625 0.4359375 0.13125 0.140625
0 0.196875 0.5390625 0.334375 0.415625
0 0.0234375 0.32578125 0.046875 0.0640625
0 0.1578125 0.296875 0.071875 0.0625
0 0.853125 0.3078125 0.075 0.103125
0 0.9421875 0.27734375 0.05625 0.0640625
0 0.59609375 0.35546875 0.3796875 0.2953125
0 0.24453125 0.2265625 0.0484375 0.059375
0 0.01484375 0.23359375 0.0296875 0.0734375
0 0.16328125 0.18203125 0.0640625 0.0609375
0 0.7484375 0.16875 0.059375 0.071875
0 0.5203125 0.13671875 0.0625 0.0578125
0 0.6359375 0.13359375 0.090625 0.0734375
0 0.02734375 0.12421875 0.0546875 0.0890625
0 0.915625 0.10625 0.05625 0.071875
0 0.3609375 0.0671875 0.165625 0.075
0 0.9734375 0.0578125 0.053125 0.078125
0 0.584375 0.03125 0.075 0.0625
0 0.48984375 0.053125 0.1046875 0.10625
0 0.21484375 0.0265625 0.0515625 0.053125
