0 0.01796875 0.98203125 0.0359375 0.0359375
0 0.40703125 0.95859375 0.0703125 0.0828125
0 0.915625 0.95 0.0875 0.1
0 0.2125 0.9171875 0.071875 0.053125
0 0.684375 0.7078125 0.059375 0.053125
0 0.80859375 0.81875 0.2453125 0.3625
0 0.65390625 0.64609375 0.0484375 0.0484375
0 0.35703125 0.57734375 0.0578125 0.0765625
0 0.6296875 0.48984375 0.05 0.0515625
0 0.7046875 0.4578125 0.053125 0.05625
0 0.5734375 0.41171875 0.053125 0.0546875
0 0.80390625 0.29921875 0.0484375 0.0484375
0 0.3828125 0.27265625 0.065625 0.0953125
0 0.78359375 0.21328125 0.0484375 0.0515625
0 0.03359375 0.2 0.0578125 0.075
0 0.73359375 0.16953125 0.0484375 0.0484375
0 0.1296875 0.13515625 0.05625 0.0515625
