0 0.39609375 0.98515625 0.0609375 0.0296875
0 0.2625 0.9421875 0.05 0.059375
0 0.18671875 0.91640625 0.0578125 0.0703125
0 0.18671875 0.84375 0.0640625 0.059375
0 0.09609375 0.90546875 0.1921875 0.1890625
0 0.37421875 0.7953125 0.0515625 0.053125
0 0.5625 0.8359375 0.3 0.328125
0 0.02265625 0.53515625 0.0453125 0.0765625
0 0.19296875 0.509375 0.0515625 0.05625
0 0.2734375 0.62890625 0.375 0.3203125
0 0.07578125 0.45234375 0.1046875 0.1140625
0 0.01328125 0.325 0.0265625 0.053125
0 0.49296875 0.25625 0.2203125 0.2625
0 0.12578125 0.1890625 0.2515625 0.378125
