0 0.36875 0.971875 0.053125 0.05625
0 0.709375 0.96875 0.059375 0.0625
0 0.8484375 0.95625 0.159375 0.0875
0 0.9703125 0.953125 0.059375 0.09375
0 0.45546875 0.93515625 0.0953125 0.1296875
0 0.78359375 0.721875 0.0484375 0.05
0 0.48359375 0.7171875 0.0546875 0.059375
0 0.6359375 0.659375 0.05 0.05
0 0.39921875 0.74453125 0.1859375 0.2421875
0 0.59921875 0.565625 0.0484375 0.05
0 0.68203125 0.54765625 0.0546875 0.0671875
0 0.32421875 0.48984375 0.0484375 0.0484375
0 0.865625 0.47109375 0.06875 0.0796875
0 0.9703125 0.490625 0.059375 0.15625
0 0.98515625 0.3234375 0.0296875 0.053125
0 0.784375 0.15078125 0.05 0.0515625
0 0.953125 0.1609375 0.09375 0.178125
0 0.2640625 0.09296875 0.05 0.0578125
0 0.65390625 0.109375 0.0859375 0.1375
0 0.76953125 0.065625 0.0578125 0.065625
0 0.35390625 0.05234375 0.0515625 0.0515625
0 0.921875 0.01796875 0.053125 0.0359375
0 0.0796875 0.0625 0.103125 0.125
