0 0.778125 0.95859375 0.053125 0.0515625
0 0.94609375 0.909375 0.1078125 0.18125
0 0.30859375 0.82578125 0.0734375 0.1046875
0 0.15859375 0.66796875 0.0484375 0.0484375
0 0.22578125 0.62109375 0.0609375 0.1140625
0 0.19296875 0.4578125 0.1484375 0.08125
0 0.20390625 0.3734375 0.0546875 0.05625
0 0.92734375 0.51640625 0.1453125 0.5203125
0 0.1609375 0.25546875 0.075 0.0859375
0 0.52109375 0.59453125 0.5390625 0.8109375
0 0.146875 0.1625 0.078125 0.065625
0 0.34140625 0.1109375 0.3234375 0.221875
