0 0.25703125 0.80625 0.0578125 0.065625
0 0.84375 0.62734375 0.078125 0.0578125
0 0.31171875 0.5984375 0.0578125 0.053125
0 0.77109375 0.58515625 0.0609375 0.0515625
0 0.12734375 0.653125 0.2484375 0.25625
0 0.47734375 0.34453125 0.0484375 0.0484375
0 0.56484375 0.33359375 0.1046875 0.1078125
0 0.84453125 0.35546875 0.1109375 0.1640625
0 0.72421875 0.28828125 0.1359375 0.2453125
0 0.959375 0.15859375 0.053125 0.0484375
0 0.58984375 0.11171875 0.0515625 0.0578125
0 0.95078125 0.0453125 0.0828125 0.08125
