0 0.7875 0.9828125 0.059375 0.034375
0 0.79765625 0.91328125 0.0484375 0.0484375
0 0.94921875 0.8421875 0.1015625 0.20625
0 0.10546875 0.76953125 0.1296875 0.1640625
0 0.3265625 0.69296875 0.115625 0.1203125
0 0.9859375 0.65859375 0.028125 0.0546875
0 0.86953125 0.69375 0.0796875 0.13125
0 0.975 0.5390625 0.05 0.05625
0 0.3671875 0.36328125 0.05 0.0484375
0 0.45859375 0.346875 0.0640625 0.0875
0 0.2 0.371875 0.25 0.2875
0 0.4546875 0.23515625 0.05625 0.0578125
0 0.16640625 0.125 0.0515625 0.059375
0 0.3546875 0.1453125 0.146875 0.121875
