0 0.2421875 0.9875 0.053125 0.025
0 0.16171875 0.93359375 0.1109375 0.0953125
0 0.89609375 0.90625 0.2078125 0.1875
0 0.209375 0.81328125 0.071875 0.1015625
0 0.61875 0.74375 0.05 0.05
0 0.225 0.70234375 0.115625 0.1296875
0 0.79921875 0.63828125 0.0546875 0.0484375
0 0.88671875 0.69296875 0.2203125 0.2703125
0 0.87734375 0.5796875 0.0515625 0.05625
0 0.34609375 0.5078125 0.0640625 0.071875
0 0.88984375 0.4359375 0.0609375 0.065625
0 0.31328125 0.4234375 0.0921875 0.090625
0 0.04765625 0.39296875 0.0953125 0.1265625
0 0.7984375 0.34765625 0.09375 0.0734375
0 0.64921875 0.415625 0.1703125 0.215625
0 0.03515625 0.21875 0.0703125 0.1625
0 0.92890625 0.090625 0.1421875 0.09375
0 0.81875 0.04921875 0.25 0.0984375
0 0.3328125 0.053125 0.20625 0.10625
0 0.0703125 0.02578125 0.084375 0.0515625
