0 0.4453125 0.953125 0.071875 0.09375
0 0.2859375 0.9265625 0.053125 0.059375
0 0.52109375 0.8953125 0.0546875 0.0625
0 0.12734375 0.8890625 0.2546875 0.221875
0 0.7921875 0.7828125 0.053125 0.053125
0 0.2015625 0.74765625 0.053125 0.0546875
0 0.28359375 0.66640625 0.0515625 0.0546875
0 0.01484375 0.62265625 0.0296875 0.0484375
0 0.134375 0.59375 0.084375 0.090625
0 0.01640625 0.46796875 0.0328125 0.0484375
0 0.33828125 0.40390625 0.1171875 0.0984375
0 0.84921875 0.33984375 0.0484375 0.0484375
0 0.96953125 0.38125 0.0609375 0.14375
0 0.78125 0.29765625 0.05 0.0578125
0 0.521875 0.41875 0.221875 0.409375
0 0.10390625 0.09453125 0.0484375 0.0484375
0 0.8328125 0.0625 0.1 0.125
0 0.56796875 0.178125 0.3453125 0.35625
0 0.51171875 0.0171875 0.0703125 0.034375
