0 0.77421875 0.86015625 0.0515625 0.0578125
0 0.040625 0.796875 0.075 0.08125
0 0.453125 0.696875 0.065625 0.090625
0 0.74375 0.4890625 0.05 0.05
0 0.921875 0.525 0.121875 0.134375
0 0.5453125 0.4078125 0.078125 0.084375
0 0.965625 0.39140625 0.06875 0.1171875
0 0.5171875 0.32265625 0.08125 0.0703125
0 0.03359375 0.32734375 0.0671875 0.1203125
0 0.07265625 0.18359375 0.0640625 0.0609375
0 0.89140625 0.1953125 0.2171875 0.275
0 0.46171875 0.03046875 0.1015625 0.0609375
0 0.28203125 0.06953125 0.1765625 0.1390625
0 0.0765625 0.03515625 0.134375 0.0703125
