0 0.53828125 0.921875 0.0515625 0.05625
0 0.94296875 0.94609375 0.1140625 0.1078125
0 0.16875 0.940625 0.0875 0.11875
0 0.6296875 0.86484375 0.05 0.0515625
0 0.3984375 0.86484375 0.153125 0.1046875
0 0.04453125 0.83515625 0.0609375 0.0609375
0 0.2375 0.8015625 0.134375 0.121875
0 0.5125 0.6265625 0.3625 0.271875
0 0.12109375 0.51796875 0.1078125 0.0890625
0 0.3578125 0.4953125 0.053125 0.053125
0 0.6609375 0.5109375 0.146875 0.125
0 0.51640625 0.47734375 0.0734375 0.0890625
0 0.603125 0.43046875 0.05 0.0484375
0 0.0171875 0.365625 0.034375 0.05
0 0.03125 0.28125 0.05 0.053125
0 0.72578125 0.27734375 0.0484375 0.0515625
0 0.89609375 0.07109375 0.2078125 0.1421875
0 0.25703125 0.04140625 0.1609375 0.0828125
