0 0.8234375 0.959375 0.115625 0.08125
0 0.33828125 0.92421875 0.0921875 0.0953125
0 0.56171875 0.84609375 0.1046875 0.1421875
0 0.2375 0.78359375 0.09375 0.1609375
0 0.7984375 0.796875 0.403125 0.365625
0 0.91796875 0.63125 0.1640625 0.284375
0 0.10859375 0.5015625 0.1234375 0.178125
0 0.40390625 0.4109375 0.0484375 0.05
0 0.82890625 0.41640625 0.1046875 0.0859375
0 0.24375 0.44140625 0.090625 0.1578125
0 0.078125 0.315625 0.1 0.090625
0 0.92421875 0.29453125 0.1015625 0.0828125
0 0.625 0.24296875 0.078125 0.1109375
0 0.2640625 0.16484375 0.265625 0.1671875
0 0.93046875 0.10078125 0.1390625 0.1390625
0 0.8296875 0.0421875 0.05 0.05
