0 0.4828125 0.98671875 0.05 0.0265625
0 0.0140625 0.97578125 0.028125 0.0484375
0 0.60078125 0.9109375 0.0765625 0.071875
0 0.76015625 0.87890625 0.0484375 0.0484375
0 0.21640625 0.76875 0.0765625 0.053125
0 0.0328125 0.78515625 0.065625 0.1265625
0 0.6421875 0.74765625 0.26875 0.2015625
0 0.9046875 0.68671875 0.109375 0.0828125
0 0.725 0.42890625 0.05 0.0515625
0 0.70703125 0.32890625 0.1359375 0.1109375
0 0.46640625 0.34375 0.3296875 0.23125
0 0.51796875 0.15234375 0.1265625 0.0890625
0 0.075 0.08359375 0.103125 0.0953125
0 0.5859375 0.03515625 0.084375 0.0703125
