0 0.98515625 0.9734375 0.0296875 0.053125
0 0.8328125 0.7890625 0.334375 0.234375
0 0.153125 0.6515625 0.10625 0.071875
0 0.97109375 0.61875 0.0546875 0.05625
0 0.459375 0.7671875 0.371875 0.390625
0 0.6546875 0.61796875 0.13125 0.1078125
0 0.7921875 0.55859375 0.071875 0.0796875
0 0.06484375 0.53359375 0.1296875 0.1515625
0 0.96875 0.38828125 0.0625 0.0796875
0 0.2453125 0.3203125 0.053125 0.053125
0 0.06796875 0.26171875 0.0515625 0.0640625
0 0.02109375 0.17578125 0.0421875 0.0640625
0 0.509375 0.29609375 0.5 0.3484375
0 0.3984375 0.125 0.05 0.05
0 0.96484375 0.0625 0.0671875 0.075
0 0.18515625 0.06875 0.3234375 0.1375
