0 0.40234375 0.78984375 0.0484375 0.0484375
0 0.21875 0.76953125 0.05 0.0609375
0 0.76484375 0.61015625 0.2484375 0.1796875
0 0.30078125 0.53828125 0.0546875 0.0546875
0 0.8046875 0.47109375 0.059375 0.0609375
0 0.68125 0.4609375 0.1125 0.0875
0 0.30390625 0.41484375 0.0671875 0.0859375
0 0.5546875 0.41015625 0.1 0.1046875
0 0.8984375 0.3703125 0.109375 0.096875
0 0.73046875 0.303125 0.0890625 0.065625
0 0.03203125 0.2625 0.0640625 0.0875
0 0.915625 0.22421875 0.0625 0.0578125
0 0.4125 0.2484375 0.121875 0.10625
0 0.62109375 0.06015625 0.0609375 0.0671875
0 0.48046875 0.07265625 0.2171875 0.1234375
