0 0.11171875 0.953125 0.1328125 0.09375
0 0.76015625 0.83125 0.3890625 0.3375
0 0.1046875 0.6640625 0.209375 0.234375
0 0.1609375 0.5 0.128125 0.10625
0 0.97734375 0.33359375 0.0453125 0.1078125
0 0.4765625 0.284375 0.115625 0.09375
0 0.13203125 0.32578125 0.2640625 0.2390625
0 0.83125 0.2171875 0.05 0.053125
0 0.7203125 0.18203125 0.05 0.0515625
0 0.39921875 0.12734375 0.0484375 0.0484375
0 0.75078125 0.09765625 0.0515625 0.0484375
0 0.16484375 0.11953125 0.1390625 0.1421875
0 0.78828125 0.021875 0.0859375 0.04375
