0 0.31328125 0.9859375 0.0515625 0.028125
0 0.6265625 0.9265625 0.15 0.146875
0 0.4609375 0.87265625 0.096875 0.0984375
0 0.31171875 0.83203125 0.0515625 0.0546875
0 0.6546875 0.7828125 0.178125 0.11875
0 0.80703125 0.69609375 0.0484375 0.0484375
0 0.2515625 0.67421875 0.065625 0.0546875
0 0.878125 0.81328125 0.24375 0.3734375
0 0.08046875 0.575 0.1609375 0.10625
0 0.22421875 0.5203125 0.0546875 0.059375
0 0.90234375 0.52109375 0.1953125 0.1140625
0 0.51171875 0.56484375 0.3328125 0.3671875
0 0.190625 0.35 0.053125 0.05
0 0.965625 0.37890625 0.06875 0.1640625
0 0.2328125 0.28359375 0.059375 0.0546875
0 0.7796875 0.23203125 0.11875 0.0984375
0 0.11328125 0.21015625 0.1421875 0.0921875
0 0.04140625 0.1203125 0.0578125 0.06875
0 0.3203125 0.08671875 0.05 0.0515625
0 0.5375 0.02578125 0.0625 0.0515625
