0 0.5328125 0.94140625 0.053125 0.0515625
0 0.9390625 0.92109375 0.06875 0.0609375
0 0.35546875 0.78671875 0.1015625 0.0640625
0 0.2484375 0.70546875 0.121875 0.0828125
0 0.17890625 0.57578125 0.0671875 0.0734375
0 0.10859375 0.50546875 0.0484375 0.0484375
0 0.56640625 0.53671875 0.1859375 0.1484375
0 0.02109375 0.50390625 0.0421875 0.1515625
0 0.8234375 0.55546875 0.209375 0.2921875
0 0.27734375 0.428125 0.0671875 0.0625
0 0.925 0.19375 0.103125 0.103125
0 0.97421875 0.06875 0.0515625 0.078125
0 0.76875 0.0796875 0.34375 0.159375
0 0.203125 0.1359375 0.40625 0.271875
