0 0.37265625 0.9578125 0.1109375 0.084375
0 0.38828125 0.8375 0.1234375 0.09375
0 0.88828125 0.76953125 0.0828125 0.1296875
0 0.78671875 0.6984375 0.0953125 0.115625
0 0.74375 0.6 0.065625 0.059375
0 0.49296875 0.53203125 0.0546875 0.0609375
0 0.5734375 0.5015625 0.08125 0.059375
0 0.5140625 0.27265625 0.05625 0.0578125
0 0.37109375 0.265625 0.2171875 0.121875
0 0.8984375 0.15546875 0.05625 0.0765625
0 0.459375 0.08046875 0.128125 0.1328125
0 0.86640625 0.046875 0.1828125 0.09375
0 0.60703125 0.04765625 0.1484375 0.0953125
0 0.3578125 0.0296875 0.065625 0.059375
