0 0.76328125 0.96640625 0.1171875 0.0671875
0 0.59453125 0.946875 0.0734375 0.10625
0 0.43984375 0.94375 0.0921875 0.1125
0 0.35703125 0.896875 0.0546875 0.075
0 0.015625 0.78671875 0.03125 0.0546875
0 0.9421875 0.765625 0.115625 0.175
0 0.29921875 0.578125 0.0921875 0.075
0 0.946875 0.525 0.06875 0.071875
0 0.63359375 0.66875 0.5828125 0.4875
0 0.79375 0.453125 0.190625 0.11875
0 0.25703125 0.18828125 0.0921875 0.0609375
0 0.69921875 0.2703125 0.2296875 0.228125
0 0.1109375 0.40078125 0.221875 0.6953125
0 0.98125 0.01953125 0.0375 0.0390625
