0 0.109375 0.96640625 0.1 0.0671875
0 0.97734375 0.94296875 0.0453125 0.0703125
0 0.76328125 0.95078125 0.0703125 0.0984375
0 0.08828125 0.79609375 0.1703125 0.1953125
0 0.5765625 0.775 0.303125 0.16875
0 0.97890625 0.69765625 0.0421875 0.0703125
0 0.45234375 0.58125 0.2140625 0.28125
0 0.1828125 0.38046875 0.071875 0.0953125
0 0.87578125 0.39609375 0.1546875 0.3078125
0 0.8453125 0.153125 0.071875 0.08125
0 0.9578125 0.1765625 0.084375 0.134375
0 0.75 0.1265625 0.10625 0.10625
0 0.77109375 0.0125 0.0484375 0.025
0 0.5109375 0.184375 0.246875 0.36875
0 0.0140625 0.0140625 0.028125 0.028125
