0 0.60625 0.975 0.075 0.05
0 0.39453125 0.95859375 0.1546875 0.0828125
0 0.17265625 0.95859375 0.1203125 0.0828125
0 0.6859375 0.9359375 0.084375 0.128125
0 0.0453125 0.9359375 0.090625 0.128125
0 0.8140625 0.86328125 0.059375 0.0609375
0 0.50390625 0.796875 0.1359375 0.090625
0 0.89921875 0.7921875 0.2015625 0.103125
0 0.396875 0.67734375 0.196875 0.1578125
0 0.08984375 0.70234375 0.1796875 0.2140625
0 0.671875 0.64375 0.2375 0.334375
0 0.1125 0.490625 0.2125 0.196875
0 0.9671875 0.45078125 0.065625 0.1390625
0 0.73359375 0.20390625 0.1078125 0.1296875
0 0.128125 0.21328125 0.1875 0.1890625
0 0.22578125 0.11875 0.0859375 0.075
0 0.3734375 0.23359375 0.215625 0.3078125
0 0.9109375 0.1 0.178125 0.10625
0 0.76875 0.08671875 0.1 0.0859375
0 0.909375 0.0203125 0.084375 0.040625
0 0.54921875 0.20390625 0.2390625 0.4078125
