0 0.51015625 0.871875 0.0984375 0.11875
0 0.89140625 0.85078125 0.2171875 0.1390625
0 0.62109375 0.85703125 0.1328125 0.1546875
0 0.3671875 0.8765625 0.203125 0.246875
0 0.18828125 0.584375 0.0703125 0.06875
0 0.79765625 0.48046875 0.0765625 0.0734375
0 0.46640625 0.5140625 0.1484375 0.146875
0 0.0390625 0.4578125 0.078125 0.153125
0 0.6578125 0.4375 0.121875 0.146875
0 0.984375 0.37890625 0.03125 0.0765625
0 0.7546875 0.31484375 0.075 0.0578125
0 0.98046875 0.27109375 0.0390625 0.1296875
0 0.85859375 0.19375 0.0859375 0.11875
0 0.94921875 0.15625 0.0703125 0.06875
0 0.70234375 0.16171875 0.1328125 0.1046875
0 0.4453125 0.14453125 0.171875 0.1328125
0 0.0703125 0.10390625 0.140625 0.1046875
0 0.934375 0.0546875 0.13125 0.084375
0 0.61015625 0.03984375 0.2015625 0.0796875
0 0.38984375 0.0265625 0.1453125 0.053125
0 0.18828125 0.015625 0.1015625 0.03125
0 0.08125 0.01484375 0.05 0.0296875
