0 0.015625 0.98515625 0.03125 0.0296875
0 0.196875 0.94140625 0.15625 0.1171875
0 0.9421875 0.84609375 0.05 0.0546875
0 0.59453125 0.9015625 0.4671875 0.196875
0 0.8140625 0.5953125 0.10625 0.103125
0 0.18125 0.6421875 0.20625 0.353125
0 0.275 0.38828125 0.128125 0.1390625
0 0.76328125 0.28671875 0.0953125 0.0734375
0 0.528125 0.48828125 0.221875 0.6046875
0 0.8078125 0.21328125 0.178125 0.1453125
0 0.59453125 0.09609375 0.1296875 0.1921875
0 0.22109375 0.08515625 0.1140625 0.1703125
