0 0.8546875 0.96015625 0.109375 0.0640625
0 0.5625 0.93828125 0.18125 0.1046875
0 0.315625 0.89921875 0.075 0.0859375
0 0.9515625 0.89140625 0.084375 0.0953125
0 0.13359375 0.87265625 0.2671875 0.1296875
0 0.95234375 0.75859375 0.0953125 0.0984375
0 0.55625 0.5890625 0.1125 0.109375
0 0.275 0.6015625 0.0875 0.134375
0 0.80078125 0.6109375 0.1546875 0.178125
0 0.9203125 0.565625 0.071875 0.090625
0 0.72421875 0.53984375 0.0765625 0.0734375
0 0.215625 0.4703125 0.11875 0.103125
0 0.0890625 0.43125 0.065625 0.075
0 0.97109375 0.43046875 0.0578125 0.1484375
0 0.37578125 0.39765625 0.1609375 0.3984375
0 0.9703125 0.20078125 0.059375 0.2953125
0 0.9859375 0.01875 0.028125 0.0375
0 0.3890625 0.0734375 0.140625 0.146875
