0 0.1640625 0.91875 0.11875 0.13125
0 0.421875 0.8921875 0.09375 0.153125
0 0.82421875 0.8671875 0.3515625 0.265625
0 0.4375 0.6953125 0.096875 0.103125
0 0.0375 0.68046875 0.075 0.1015625
0 0.68984375 0.64375 0.0640625 0.08125
0 0.5703125 0.65 0.15625 0.1375
0 0.19609375 0.6515625 0.2078125 0.171875
0 0.1609375 0.43984375 0.109375 0.1015625
0 0.93515625 0.44453125 0.1296875 0.1984375
0 0.73671875 0.33671875 0.0828125 0.1171875
0 0.3796875 0.2828125 0.278125 0.4625
0 0.94453125 0.05546875 0.1109375 0.1109375
0 0.75234375 0.03671875 0.0796875 0.0734375
