0 0.97890625 0.86015625 0.0421875 0.0640625
0 0.7296875 0.85859375 0.071875 0.0671875
0 0.66484375 0.9078125 0.2703125 0.184375
0 0.0765625 0.840625 0.153125 0.240625
0 0.74453125 0.70859375 0.1046875 0.0796875
0 0.50390625 0.6 0.0484375 0.05
0 0.96484375 0.60625 0.0703125 0.075
0 0.125 0.57890625 0.21875 0.1203125
0 0.7140625 0.57578125 0.209375 0.1265625
0 0.2875 0.3390625 0.11875 0.109375
0 0.51328125 0.32109375 0.1109375 0.0953125
0 0.73046875 0.34609375 0.1765625 0.1796875
0 0.20078125 0.22265625 0.0703125 0.0828125
0 0.1890625 0.11171875 0.05 0.0484375
0 0.94765625 0.07421875 0.1046875 0.1265625
0 0.83125 0.03359375 0.09375 0.0671875
0 0.08515625 0.271875 0.1703125 0.54375
