0 0.25078125 0.91015625 0.0921875 0.0859375
0 0.021875 0.85546875 0.04375 0.0984375
0 0.24140625 0.58671875 0.0734375 0.0609375
0 0.734375 0.34375 0.16875 0.121875
0 0.31640625 0.41484375 0.1796875 0.2640625
0 0.57421875 0.32578125 0.1328125 0.0921875
0 0.89140625 0.259375 0.2171875 0.15
0 0.03046875 0.2078125 0.0609375 0.078125
0 0.4703125 0.18828125 0.071875 0.0796875
0 0.14140625 0.19921875 0.1140625 0.1578125
0 0.35078125 0.09765625 0.1046875 0.1515625
0 0.97734375 0.07421875 0.0453125 0.1078125
