0 0.15703125 0.959375 0.1359375 0.08125
0 0.5140625 0.94921875 0.109375 0.1015625
0 0.8546875 0.86484375 0.265625 0.2703125
0 0.5765625 0.7640625 0.109375 0.078125
0 0.86328125 0.58515625 0.0828125 0.0984375
0 0.18359375 0.696875 0.3671875 0.40625
0 0.1796875 0.4234375 0.153125 0.134375
0 0.41171875 0.428125 0.0921875 0.18125
0 0.92109375 0.32734375 0.1578125 0.3828125
0 0.43359375 0.16796875 0.1421875 0.1734375
0 0.09140625 0.05625 0.0515625 0.05
0 0.23828125 0.17421875 0.2296875 0.3484375
