0 0.7421875 0.97109375 0.05 0.0515625
0 0.55625 0.95625 0.259375 0.0875
0 0.91640625 0.90703125 0.0921875 0.1046875
0 0.78828125 0.79375 0.0921875 0.18125
0 0.66640625 0.653125 0.1046875 0.1125
0 0.94296875 0.60859375 0.1140625 0.1015625
0 0.8328125 0.4703125 0.165625 0.196875
0 0.9703125 0.30078125 0.059375 0.0765625
0 0.878125 0.17578125 0.059375 0.0890625
0 0.61328125 0.203125 0.2203125 0.26875
0 0.190625 0.51875 0.38125 0.9625
0 0.70625 0.0140625 0.05 0.028125
0 0.37734375 0.290625 0.5203125 0.58125
