0 0.58203125 0.98359375 0.0859375 0.0328125
0 0.20390625 0.9734375 0.0859375 0.053125
0 0.8515625 0.96875 0.10625 0.0625
0 0.12109375 0.734375 0.0546875 0.053125
0 0.92734375 0.81015625 0.1453125 0.2078125
0 0.65703125 0.7078125 0.1078125 0.11875
0 0.03125 0.675 0.0625 0.1375
0 0.68359375 0.59375 0.0515625 0.05
0 0.36484375 0.7625 0.3078125 0.475
0 0.03828125 0.4671875 0.0765625 0.146875
0 0.215625 0.23984375 0.06875 0.0734375
0 0.8203125 0.328125 0.359375 0.28125
0 0.3375 0.07109375 0.2 0.1203125
0 0.83359375 0.04765625 0.2234375 0.0953125
0 0.51484375 0.015625 0.0640625 0.03125
0 0.1359375 0.046875 0.103125 0.09375
