0 0.90390625 0.98359375 0.0578125 0.0328125
0 0.02734375 0.72421875 0.0546875 0.1171875
0 0.34375 0.803125 0.225 0.2875
0 0.6875 0.76796875 0.15 0.2203125
0 0.2015625 0.6265625 0.090625 0.06875
0 0.88828125 0.5953125 0.0765625 0.078125
0 0.83671875 0.45625 0.1578125 0.140625
0 0.54921875 0.41171875 0.1265625 0.1234375
0 0.0640625 0.4125 0.128125 0.225
0 0.33671875 0.315625 0.0828125 0.10625
0 0.90078125 0.225 0.0546875 0.065625
0 0.50234375 0.24609375 0.1078125 0.1796875
0 0.0390625 0.13046875 0.071875 0.0796875
0 0.61328125 0.08984375 0.0765625 0.0890625
0 0.3828125 0.04453125 0.08125 0.0890625
