0 0.18125 0.978125 0.075 0.04375
0 0.8203125 0.97734375 0.096875 0.0453125
0 0.78046875 0.925 0.0515625 0.05625
0 0.3078125 0.92890625 0.2 0.1421875
0 0.446875 0.86640625 0.06875 0.0828125
0 0.284375 0.64453125 0.0875 0.0796875
0 0.8625 0.51796875 0.05 0.0515625
0 0.31640625 0.51875 0.0921875 0.1
0 0.12421875 0.4390625 0.1015625 0.071875
0 0.94453125 0.55859375 0.1109375 0.4015625
0 0.56953125 0.3609375 0.0484375 0.053125
0 0.071875 0.33359375 0.14375 0.1703125
0 0.18046875 0.21875 0.0515625 0.05
0 0.28046875 0.2125 0.1234375 0.0875
