0 0.86875 0.89296875 0.2625 0.2140625
0 0.49765625 0.76171875 0.0921875 0.1078125
0 0.959375 0.61796875 0.08125 0.1109375
0 0.08125 0.546875 0.115625 0.1125
0 0.87578125 0.4953125 0.0515625 0.053125
0 0.47578125 0.46171875 0.1359375 0.1484375
0 0.9609375 0.31328125 0.053125 0.0546875
0 0.1546875 0.2046875 0.146875 0.146875
0 0.778125 0.27421875 0.44375 0.4828125
0 0.82109375 0.02109375 0.0921875 0.0421875
0 0.3859375 0.015625 0.05625 0.03125
0 0.2109375 0.040625 0.2 0.08125
0 0.0296875 0.03359375 0.059375 0.0671875
