0 0.609375 0.97578125 0.05 0.0484375
0 0.91875 0.971875 0.084375 0.05625
0 0.278125 0.92109375 0.2 0.1578125
0 0.84609375 0.7625 0.0859375 0.109375
0 0.90078125 0.615625 0.0484375 0.05
0 0.98046875 0.57109375 0.0390625 0.0796875
0 0.64296875 0.61796875 0.3734375 0.4484375
0 0.38125 0.45078125 0.271875 0.2703125
0 0.08984375 0.38125 0.1796875 0.13125
0 0.32578125 0.2515625 0.1359375 0.128125
0 0.08671875 0.23203125 0.1421875 0.1015625
0 0.6765625 0.2328125 0.196875 0.3375
0 0.38515625 0.06171875 0.0921875 0.0921875
