0 0.2984375 0.978125 0.1 0.04375
0 0.971875 0.9296875 0.05625 0.140625
0 0.0203125 0.6265625 0.040625 0.08125
0 0.79609375 0.5125 0.1578125 0.159375
0 0.94921875 0.44140625 0.0546875 0.0546875
0 0.33515625 0.36015625 0.0484375 0.0484375
0 0.63359375 0.35625 0.1171875 0.1
0 0.76015625 0.30703125 0.0484375 0.0484375
0 0.053125 0.31640625 0.10625 0.1640625
0 0.325 0.2421875 0.065625 0.0625
0 0.13203125 0.18671875 0.0703125 0.0671875
0 0.66796875 0.11640625 0.0484375 0.0484375
0 0.83125 0.13046875 0.25 0.2609375
0 0.46640625 0.0125 0.0484375 0.025
