0 0.20859375 0.9671875 0.0609375 0.065625
0 0.03515625 0.91953125 0.0703125 0.1609375
0 0.97421875 0.8625 0.0515625 0.05
0 0.06015625 0.7828125 0.0859375 0.071875
0 0.83359375 0.71875 0.0734375 0.1125
0 0.5421875 0.8171875 0.275 0.365625
0 0.02265625 0.54375 0.0453125 0.115625
0 0.4140625 0.4765625 0.196875 0.196875
0 0.66328125 0.39921875 0.0609375 0.0609375
0 0.975 0.29375 0.05 0.1125
0 0.465625 0.2890625 0.1 0.115625
0 0.484375 0.18359375 0.06875 0.0796875
0 0.97265625 0.015625 0.0546875 0.03125
