0 0.2953125 0.890625 0.321875 0.21875
0 0.68046875 0.74453125 0.0734375 0.0578125
0 0.0546875 0.83046875 0.109375 0.2453125
0 0.82421875 0.7296875 0.0921875 0.078125
0 0.021875 0.61953125 0.04375 0.0953125
0 0.3484375 0.51953125 0.0625 0.0984375
0 0.6359375 0.54375 0.5875 0.45
0 0.4109375 0.34765625 0.11875 0.1609375
0 0.92265625 0.275 0.1546875 0.1375
0 0.01875 0.17734375 0.0375 0.0828125
0 0.83984375 0.0125 0.0484375 0.025
0 0.58046875 0.07109375 0.1328125 0.1421875
0 0.44453125 0.01796875 0.0765625 0.0359375
0 0.3375 0.025 0.0875 0.05
