0 0.04765625 0.98671875 0.0578125 0.0265625
0 0.19375 0.984375 0.08125 0.03125
0 0.978125 0.98203125 0.04375 0.0359375
0 0.50078125 0.859375 0.0515625 0.05625
0 0.703125 0.89375 0.10625 0.1875
0 0.8109375 0.8328125 0.0875 0.090625
0 0.046875 0.58359375 0.09375 0.0953125
0 0.40390625 0.42578125 0.0484375 0.0484375
0 0.95859375 0.39609375 0.0828125 0.1390625
0 0.20703125 0.41875 0.0890625 0.196875
0 0.1046875 0.33828125 0.05 0.0515625
0 0.65625 0.54140625 0.425 0.6109375
0 0.9453125 0.13359375 0.059375 0.0578125
0 0.89453125 0.0125 0.0484375 0.025
0 0.8203125 0.01328125 0.084375 0.0265625
0 0.4109375 0.02890625 0.1 0.0578125
