0 0.965625 0.9796875 0.06875 0.040625
0 0.025 0.9 0.05 0.1
0 0.7734375 0.70625 0.23125 0.25625
0 0.94375 0.60234375 0.1125 0.1359375
0 0.17421875 0.44765625 0.0515625 0.0578125
0 0.35390625 0.38984375 0.0796875 0.0921875
0 0.98515625 0.33671875 0.0296875 0.0734375
0 0.909375 0.3390625 0.0625 0.090625
0 0.22734375 0.35390625 0.1578125 0.1453125
0 0.5421875 0.5296875 0.3375 0.503125
0 0.05625 0.30546875 0.071875 0.1078125
0 0.2234375 0.20234375 0.228125 0.1578125
0 0.93515625 0.18359375 0.1296875 0.1421875
0 0.0390625 0.1328125 0.053125 0.071875
0 0.81015625 0.08984375 0.2859375 0.1796875
0 0.54296875 0.05 0.1484375 0.1
0 0.3375 0.01875 0.053125 0.0375
0 0.08515625 0.02734375 0.0796875 0.0546875
