0 0.14609375 0.98203125 0.0671875 0.0359375
0 0.01796875 0.9453125 0.0359375 0.059375
0 0.8453125 0.9015625 0.06875 0.08125
0 0.92109375 0.7953125 0.0515625 0.05625
0 0.375 0.82265625 0.0875 0.1265625
0 0.62421875 0.76875 0.3265625 0.246875
0 0.2796875 0.65546875 0.1125 0.1359375
0 0.09375 0.73125 0.1875 0.3375
0 0.9140625 0.5375 0.053125 0.053125
0 0.18125 0.51875 0.053125 0.05
0 0.69765625 0.50703125 0.0640625 0.0578125
0 0.11171875 0.5109375 0.0765625 0.078125
0 0.415625 0.51796875 0.165625 0.2015625
0 0.3484375 0.37734375 0.071875 0.0640625
0 0.8234375 0.31484375 0.175 0.1484375
0 0.5453125 0.2875 0.084375 0.10625
0 0.0625 0.25390625 0.125 0.2703125
0 0.18984375 0.18671875 0.1203125 0.1859375
0 0.7 0.12890625 0.065625 0.0859375
0 0.4578125 0.071875 0.053125 0.0625
0 0.58359375 0.02890625 0.1515625 0.0578125
0 0.1484375 0.04375 0.084375 0.0875
