0 0.1265625 0.96328125 0.0625 0.0734375
0 0.37265625 0.88671875 0.0484375 0.0484375
0 0.590625 0.921875 0.153125 0.15625
0 0.46171875 0.8578125 0.0890625 0.09375
0 0.96640625 0.77890625 0.0671875 0.1390625
0 0.04296875 0.7234375 0.0859375 0.115625
0 0.9125 0.59375 0.075 0.06875
0 0.4671875 0.66640625 0.115625 0.2421875
0 0.253125 0.4703125 0.059375 0.075
0 0.78125 0.43046875 0.071875 0.1015625
0 0.01484375 0.315625 0.0296875 0.053125
0 0.01328125 0.26171875 0.0265625 0.0515625
0 0.7953125 0.14140625 0.05 0.0546875
0 0.11484375 0.13828125 0.0484375 0.0484375
0 0.28515625 0.19609375 0.1578125 0.2015625
0 0.54609375 0.11015625 0.2421875 0.1359375
0 0.08125 0.07109375 0.075 0.0703125
0 0.2859375 0.04453125 0.071875 0.0640625
0 0.92421875 0.08671875 0.1515625 0.1734375
0 0.77578125 0.015625 0.0484375 0.03125
