0 0.08203125 0.96640625 0.0796875 0.0671875
0 0.78125 0.95546875 0.2625 0.0890625
0 0.26953125 0.9140625 0.0609375 0.090625
0 0.528125 0.903125 0.1125 0.16875
0 0.3359375 0.82890625 0.059375 0.0546875
0 0.78828125 0.80625 0.1609375 0.121875
0 0.71640625 0.6234375 0.2765625 0.184375
0 0.1578125 0.490625 0.109375 0.10625
0 0.5484375 0.346875 0.140625 0.084375
0 0.3984375 0.315625 0.05625 0.103125
0 0.81484375 0.359375 0.2765625 0.30625
0 0.75703125 0.24296875 0.0640625 0.0859375
0 0.41953125 0.15546875 0.1796875 0.1328125
