0 0.134375 0.9796875 0.053125 0.040625
0 0.6890625 0.971875 0.1 0.05625
0 0.0421875 0.94140625 0.084375 0.1171875
0 0.07578125 0.85 0.0796875 0.059375
0 0.190625 0.85859375 0.125 0.0953125
0 0.8703125 0.9046875 0.259375 0.190625
0 0.54453125 0.87109375 0.0953125 0.1265625
0 0.43515625 0.828125 0.0546875 0.05
0 0.0265625 0.7296875 0.053125 0.096875
0 0.575 0.54375 0.06875 0.08125
0 0.04140625 0.50546875 0.0828125 0.1609375
0 0.0515625 0.309375 0.05 0.05
0 0.2 0.40859375 0.18125 0.3359375
0 0.03203125 0.1265625 0.0515625 0.05
0 0.8703125 0.09453125 0.259375 0.1890625
