0 0.834375 0.89453125 0.05 0.0484375
0 0.728125 0.77265625 0.14375 0.1078125
0 0.30703125 0.7359375 0.1328125 0.109375
0 0.4328125 0.653125 0.05 0.05
0 0.2765625 0.57734375 0.05625 0.0515625
0 0.1484375 0.5734375 0.05 0.053125
0 0.98671875 0.5109375 0.0265625 0.05
0 0.0546875 0.53984375 0.109375 0.1640625
0 0.5234375 0.43984375 0.06875 0.0671875
0 0.72890625 0.509375 0.1046875 0.2125
0 0.2 0.33671875 0.1125 0.0859375
0 0.89921875 0.215625 0.0515625 0.05
0 0.9578125 0.1953125 0.05625 0.053125
0 0.45859375 0.2125 0.1359375 0.1375
