0 0.3171875 0.934375 0.05 0.05
0 0.18125 0.575 0.1 0.0625
0 0.0609375 0.5234375 0.121875 0.159375
0 0.9046875 0.30078125 0.059375 0.0703125
0 0.334375 0.2796875 0.08125 0.06875
0 0.18515625 0.30703125 0.1515625 0.1296875
0 0.43515625 0.25390625 0.0484375 0.0484375
0 0.90546875 0.11484375 0.0484375 0.0484375
0 0.0796875 0.10234375 0.159375 0.1109375
0 0.6046875 0.03359375 0.05 0.0515625
0 0.4875 0.02890625 0.05625 0.0546875
0 0.67890625 0.02578125 0.0515625 0.0515625
0 0.1234375 0.0234375 0.053125 0.046875
