0 0.97890625 0.93515625 0.0421875 0.0984375
0 0.58125 0.909375 0.0625 0.053125
0 0.76640625 0.91484375 0.3140625 0.1703125
0 0.3171875 0.89609375 0.634375 0.2078125
0 0.51953125 0.73671875 0.0546875 0.0546875
0 0.98359375 0.728125 0.0328125 0.0875
0 0.54921875 0.58125 0.0609375 0.05625
0 0.109375 0.54609375 0.14375 0.0984375
0 0.01953125 0.35078125 0.0390625 0.0734375
0 0.34453125 0.3578125 0.1328125 0.121875
0 0.81796875 0.121875 0.0734375 0.075
0 0.18671875 0.0859375 0.3109375 0.171875
