0 0.50234375 0.98515625 0.0515625 0.0296875
0 0.17578125 0.90390625 0.1390625 0.1046875
0 0.890625 0.878125 0.21875 0.14375
0 0.01875 0.83671875 0.0375 0.1328125
0 0.8234375 0.75234375 0.065625 0.0734375
0 0.83203125 0.56015625 0.1734375 0.1265625
0 0.7296875 0.32890625 0.06875 0.0765625
0 0.92578125 0.2359375 0.0546875 0.059375
0 0.39140625 0.22109375 0.0609375 0.0640625
0 0.08046875 0.275 0.1609375 0.1875
0 0.60703125 0.1140625 0.0828125 0.084375
0 0.796875 0.1609375 0.20625 0.284375
0 0.14921875 0.06796875 0.0859375 0.0984375
0 0.48671875 0.0390625 0.2453125 0.078125
