0 0.403125 0.98359375 0.090625 0.0328125
0 0.6078125 0.9453125 0.421875 0.109375
0 0.1125 0.82578125 0.225 0.1921875
0 0.08515625 0.55546875 0.0765625 0.0765625
0 0.43984375 0.6734375 0.3421875 0.45625
0 0.17578125 0.47109375 0.1046875 0.0703125
0 0.3109375 0.45703125 0.1 0.0765625
0 0.309375 0.36953125 0.05 0.0515625
0 0.83203125 0.35859375 0.1296875 0.1265625
0 0.57265625 0.32890625 0.2328125 0.1765625
0 0.37109375 0.24765625 0.0859375 0.0890625
0 0.5171875 0.1828125 0.053125 0.053125
0 0.9640625 0.09296875 0.071875 0.1203125
