0 0.6625 0.83359375 0.096875 0.0734375
0 0.50390625 0.8984375 0.2046875 0.203125
0 0.86171875 0.859375 0.2765625 0.28125
0 0.0203125 0.28359375 0.040625 0.0546875
0 0.34296875 0.62421875 0.6859375 0.7515625
0 0.02421875 0.22109375 0.0484375 0.0546875
0 0.95625 0.2015625 0.0625 0.0625
0 0.87734375 0.1953125 0.0734375 0.115625
0 0.228125 0.1625 0.05 0.05625
0 0.415625 0.14609375 0.0625 0.0609375
0 0.09921875 0.16796875 0.0984375 0.1109375
0 0.7578125 0.3609375 0.484375 0.721875
0 0.2734375 0.1 0.19375 0.2
