0 0.6125 0.77734375 0.084375 0.1015625
0 0.834375 0.6859375 0.05625 0.053125
0 0.2328125 0.68203125 0.31875 0.2390625
0 0.78671875 0.48359375 0.0546875 0.0546875
0 0.56953125 0.4625 0.1890625 0.20625
0 0.34453125 0.26484375 0.0609375 0.0765625
0 0.0484375 0.253125 0.096875 0.065625
0 0.59375 0.23515625 0.059375 0.0515625
0 0.47890625 0.1953125 0.1921875 0.121875
0 0.35234375 0.15078125 0.0609375 0.0484375
0 0.93671875 0.290625 0.1265625 0.334375
0 0.38125 0.065625 0.16875 0.103125
0 0.8640625 0.05859375 0.215625 0.1171875
0 0.52890625 0.01484375 0.0609375 0.0296875
0 0.33828125 0.01328125 0.0484375 0.0265625
