0 0.96484375 0.9796875 0.0515625 0.040625
0 0.60859375 0.96796875 0.0515625 0.0578125
0 0.74609375 0.9625 0.0515625 0.05
0 0.6859375 0.965625 0.053125 0.06875
0 0.8421875 0.946875 0.06875 0.1
0 0.9140625 0.91328125 0.08125 0.0578125
0 0.65703125 0.86640625 0.0953125 0.0640625
0 0.965625 0.81875 0.05 0.05
0 0.53984375 0.821875 0.0765625 0.1
0 0.471875 0.778125 0.059375 0.0625
0 0.059375 0.771875 0.059375 0.0625
0 0.29765625 0.75625 0.0515625 0.05
0 0.74765625 0.7296875 0.0484375 0.05
0 0.3609375 0.7390625 0.09375 0.125
0 0.578125 0.7015625 0.053125 0.065625
0 0.659375 0.65546875 0.053125 0.0546875
0 0.89765625 0.60703125 0.0484375 0.0484375
0 0.48515625 0.60234375 0.0671875 0.0546875
0 0.31015625 0.58984375 0.0484375 0.0484375
0 0.2203125 0.5703125 0.05625 0.05
0 0.359375 0.5390625 0.05 0.05
0 0.2875 0.528125 0.053125 0.05
0 0.5828125 0.521875 0.053125 0.053125
0 0.1453125 0.5265625 0.08125 0.115625
0 0.05 0.503125 0.1 0.109375
0 0.721875 0.52421875 0.1375 0.1671875
0 0.53046875 0.45078125 0.0484375 0.0484375
0 0.8703125 0.44296875 0.05 0.0546875
0 0.234375 0.43984375 0.078125 0.1109375
0 0.58515625 0.41875 0.0578125 0.09375
0 0.46875 0.39453125 0.053125 0.0484375
0 0.73125 0.39609375 0.165625 0.1265625
0 0.61875 0.33359375 0.05625 0.0515625
0 0.11640625 0.32890625 0.0484375 0.0484375
0 0.0453125 0.35859375 0.090625 0.1390625
0 0.73203125 0.2859375 0.0734375 0.075
0 0.3625 0.29453125 0.259375 0.1359375
0 0.221875 0.2484375 0.075 0.065625
0 0.64453125 0.16484375 0.0546875 0.0515625
0 0.3421875 0.16328125 0.053125 0.0515625
0 0.07734375 0.11328125 0.0484375 0.0484375
0 0.66953125 0.1078125 0.0609375 0.05625
0 0.8484375 0.1328125 0.09375 0.109375
0 0.01328125 0.09921875 0.0265625 0.0578125
0 0.90859375 0.04609375 0.0484375 0.0484375
0 0.29296875 0.0515625 0.0578125 0.084375
0 0.51015625 0.028125 0.0609375 0.05625
0 0.4296875 0.078125 0.09375 0.15625
