0 0.43203125 0.97734375 0.0671875 0.0453125
0 0.80625 0.93515625 0.115625 0.1171875
0 0.46328125 0.79765625 0.0984375 0.1359375
0 0.1734375 0.8359375 0.209375 0.328125
0 0.4171875 0.603125 0.084375 0.084375
0 0.03203125 0.484375 0.0640625 0.06875
0 0.86953125 0.36484375 0.0921875 0.1078125
0 0.41796875 0.32265625 0.1515625 0.1046875
0 0.7125 0.2421875 0.09375 0.071875
0 0.36796875 0.1984375 0.0515625 0.05
0 0.28203125 0.16328125 0.0515625 0.0578125
0 0.93515625 0.1734375 0.1203125 0.140625
0 0.15 0.125 0.215625 0.25
