0 0.78828125 0.9859375 0.0515625 0.028125
0 0.075 0.93125 0.0875 0.075
0 0.890625 0.87265625 0.06875 0.0671875
0 0.18203125 0.8671875 0.0546875 0.05625
0 0.5828125 0.71484375 0.05625 0.0578125
0 0.9046875 0.675 0.071875 0.075
0 0.1125 0.634375 0.065625 0.05625
0 0.89609375 0.54453125 0.1265625 0.1140625
0 0.46171875 0.5046875 0.0640625 0.065625
0 0.66015625 0.40703125 0.1390625 0.1234375
0 0.53515625 0.2609375 0.0578125 0.084375
0 0.6515625 0.27890625 0.153125 0.1265625
0 0.434375 0.259375 0.128125 0.103125
0 0.8546875 0.190625 0.053125 0.053125
