0 0.471875 0.9703125 0.065625 0.059375
0 0.8859375 0.928125 0.228125 0.14375
0 0.96953125 0.8109375 0.0609375 0.121875
0 0.3625 0.734375 0.053125 0.05
0 0.27109375 0.4875 0.0796875 0.06875
0 0.82890625 0.58671875 0.3421875 0.2859375
0 0.52734375 0.3609375 0.0484375 0.05
0 0.23125 0.2890625 0.05 0.05
0 0.17734375 0.24140625 0.0484375 0.0484375
0 0.21640625 0.6046875 0.4328125 0.790625
0 0.2765625 0.1828125 0.078125 0.08125
0 0.52890625 0.153125 0.0671875 0.06875
0 0.0375 0.13515625 0.075 0.0921875
