0 0.95390625 0.91484375 0.0484375 0.0484375
0 0.96328125 0.5828125 0.0734375 0.071875
0 0.81328125 0.5203125 0.1296875 0.14375
0 0.9359375 0.396875 0.090625 0.0625
0 0.81015625 0.359375 0.0546875 0.075
0 0.88671875 0.27890625 0.0703125 0.0578125
0 0.49453125 0.29609375 0.1296875 0.1171875
0 0.9515625 0.09609375 0.065625 0.0984375
0 0.9828125 0.0203125 0.034375 0.040625
0 0.90546875 0.02265625 0.0734375 0.0453125
0 0.80390625 0.015625 0.0578125 0.03125
0 0.1234375 0.034375 0.225 0.06875
