0 0.4984375 0.9734375 0.071875 0.053125
0 0.01953125 0.89375 0.0390625 0.05
0 0.49921875 0.903125 0.0734375 0.071875
0 0.7140625 0.91015625 0.140625 0.1796875
0 0.37265625 0.803125 0.1734375 0.190625
0 0.503125 0.55859375 0.05 0.0484375
0 0.27109375 0.55078125 0.1328125 0.1671875
0 0.22890625 0.34375 0.0734375 0.05625
0 0.48828125 0.39921875 0.1140625 0.2078125
0 0.140625 0.61796875 0.28125 0.7640625
0 0.6 0.1796875 0.075 0.084375
0 0.3703125 0.12578125 0.153125 0.1109375
0 0.15390625 0.109375 0.0953125 0.121875
0 0.5765625 0.0703125 0.0875 0.053125
0 0.76171875 0.0203125 0.0484375 0.040625
0 0.3140625 0.03125 0.146875 0.0625
