0 0.253125 0.921875 0.103125 0.13125
0 0.584375 0.871875 0.1375 0.178125
0 0.34375 0.82109375 0.09375 0.1171875
0 0.684375 0.6796875 0.053125 0.0625
0 0.30078125 0.64765625 0.0671875 0.0640625
0 0.76171875 0.6234375 0.0546875 0.053125
0 0.50859375 0.61875 0.0515625 0.059375
0 0.7796875 0.3375 0.05625 0.053125
0 0.3640625 0.278125 0.071875 0.059375
0 0.496875 0.1296875 0.05 0.05
0 0.01796875 0.13671875 0.0359375 0.0703125
0 0.85703125 0.0484375 0.0515625 0.05
0 0.74453125 0.0234375 0.0484375 0.046875
0 0.165625 0.25546875 0.33125 0.5109375
