0 0.76875 0.9421875 0.08125 0.075
0 0.03203125 0.90625 0.0640625 0.165625
0 0.50546875 0.8390625 0.2765625 0.16875
0 0.90234375 0.865625 0.1953125 0.26875
0 0.05546875 0.72265625 0.1109375 0.1390625
0 0.275 0.7171875 0.271875 0.20625
0 0.0359375 0.54453125 0.071875 0.0546875
0 0.575 0.53515625 0.09375 0.0671875
0 0.2140625 0.5390625 0.146875 0.146875
0 0.98125 0.5265625 0.0375 0.19375
0 0.60859375 0.39453125 0.2359375 0.1515625
0 0.58984375 0.31171875 0.0484375 0.0515625
0 0.215625 0.3 0.059375 0.06875
0 0.81015625 0.1984375 0.3765625 0.315625
0 0.4203125 0.153125 0.171875 0.240625
0 0.96875 0.053125 0.0625 0.059375
0 0.821875 0.0734375 0.23125 0.146875
0 0.52734375 0.01953125 0.0609375 0.0390625
0 0.12890625 0.090625 0.2578125 0.18125
