0 0.71796875 0.9046875 0.2484375 0.190625
0 0.18828125 0.77578125 0.1109375 0.1203125
0 0.7 0.72421875 0.1125 0.1140625
0 0.9140625 0.67265625 0.171875 0.2984375
0 0.3140625 0.45859375 0.13125 0.1078125
0 0.96171875 0.41484375 0.0484375 0.0484375
0 0.0546875 0.50390625 0.109375 0.2609375
0 0.471875 0.48203125 0.25625 0.2671875
0 0.14375 0.375 0.06875 0.084375
0 0.72421875 0.28515625 0.0515625 0.0484375
0 0.89921875 0.28671875 0.0671875 0.0796875
0 0.63671875 0.24140625 0.0953125 0.1203125
0 0.778125 0.13984375 0.08125 0.1078125
0 0.79296875 0.0140625 0.0609375 0.028125
0 0.609375 0.02734375 0.06875 0.0546875
0 0.17421875 0.16015625 0.3484375 0.3203125
