0 0.14453125 0.953125 0.0578125 0.075
0 0.05234375 0.92890625 0.0796875 0.0890625
0 0.12578125 0.7703125 0.0859375 0.128125
0 0.23515625 0.759375 0.0921875 0.140625
0 0.85625 0.821875 0.26875 0.35625
0 0.2359375 0.59296875 0.121875 0.1609375
0 0.97734375 0.51640625 0.0453125 0.1046875
0 0.446875 0.46484375 0.05 0.0515625
0 0.4375 0.33671875 0.33125 0.3015625
0 0.6390625 0.4078125 0.396875 0.46875
0 0.1734375 0.2734375 0.278125 0.334375
0 0.86171875 0.10390625 0.2765625 0.2078125
0 0.21171875 0.015625 0.0515625 0.03125
