0 0.65859375 0.9765625 0.0609375 0.046875
0 0.41328125 0.97421875 0.0546875 0.0515625
0 0.78671875 0.96640625 0.0671875 0.0671875
0 0.32109375 0.93359375 0.0515625 0.0515625
0 0.82734375 0.9015625 0.0578125 0.05625
0 0.203125 0.87890625 0.09375 0.0765625
0 0.37890625 0.86015625 0.1390625 0.1078125
0 0.0328125 0.7859375 0.065625 0.071875
0 0.0125 0.61953125 0.025 0.0515625
0 0.9328125 0.67890625 0.134375 0.2578125
0 0.11484375 0.57421875 0.1609375 0.1359375
0 0.2171875 0.49765625 0.071875 0.0765625
0 0.209375 0.36640625 0.203125 0.2015625
0 0.98359375 0.20703125 0.0328125 0.0765625
0 0.91875 0.18984375 0.05 0.0515625
0 0.63515625 0.3890625 0.3671875 0.584375
0 0.3796875 0.1234375 0.240625 0.246875
0 0.078125 0.03828125 0.15625 0.0765625
