0 0.978125 0.96796875 0.04375 0.0640625
0 0.0921875 0.91171875 0.184375 0.1765625
0 0.43671875 0.85625 0.0703125 0.08125
0 0.20078125 0.7171875 0.0859375 0.084375
0 0.65625 0.653125 0.08125 0.075
0 0.25625 0.60703125 0.0875 0.0890625
0 0.0484375 0.58359375 0.096875 0.1046875
0 0.975 0.51875 0.05 0.05625
0 0.83046875 0.4890625 0.1140625 0.171875
0 0.68515625 0.40390625 0.0578125 0.0546875
0 0.59140625 0.40703125 0.1078125 0.0765625
0 0.5015625 0.25078125 0.1375 0.1359375
0 0.753125 0.21015625 0.08125 0.0859375
0 0.3796875 0.1796875 0.06875 0.06875
0 0.203125 0.19296875 0.125 0.1015625
0 0.79921875 0.11171875 0.0671875 0.0640625
0 0.95390625 0.08125 0.0921875 0.15
0 0.06171875 0.075 0.1234375 0.15
