0 0.046875 0.85546875 0.09375 0.2109375
0 0.4390625 0.86640625 0.20625 0.2515625
0 0.49921875 0.6609375 0.1046875 0.1375
0 0.66484375 0.68046875 0.2328125 0.1796875
0 0.90078125 0.61484375 0.1984375 0.1609375
0 0.09296875 0.58125 0.0796875 0.103125
0 0.43046875 0.4640625 0.0640625 0.065625
0 0.6125 0.45859375 0.103125 0.1015625
0 0.1859375 0.34609375 0.284375 0.1890625
0 0.97109375 0.26171875 0.0578125 0.1109375
0 0.17578125 0.20703125 0.0484375 0.0484375
0 0.97265625 0.10234375 0.0515625 0.0640625
0 0.6875 0.1875 0.203125 0.321875
0 0.3984375 0.06875 0.10625 0.115625
0 0.790625 0.02109375 0.05625 0.0421875
0 0.22578125 0.0484375 0.1046875 0.096875
