0 0.453125 0.953125 0.175 0.09375
0 0.6 0.86875 0.0875 0.09375
0 0.690625 0.78359375 0.0625 0.0671875
0 0.359375 0.784375 0.16875 0.1875
0 0.6171875 0.6734375 0.075 0.078125
0 0.8609375 0.6515625 0.05 0.05
0 0.54296875 0.62109375 0.0703125 0.0703125
0 0.97890625 0.59765625 0.0421875 0.0890625
0 0.49921875 0.5140625 0.0484375 0.05
0 0.36796875 0.5203125 0.1484375 0.1125
0 0.0421875 0.45234375 0.05625 0.0578125
0 0.60546875 0.396875 0.0921875 0.078125
0 0.8234375 0.34609375 0.10625 0.0859375
0 0.15546875 0.36171875 0.2515625 0.1578125
0 0.95390625 0.3375 0.0921875 0.13125
0 0.70625 0.32265625 0.115625 0.1078125
0 0.984375 0.0234375 0.03125 0.046875
0 0.56015625 0.1546875 0.6578125 0.309375
0 0.27109375 0.021875 0.0578125 0.04375
0 0.159375 0.0421875 0.08125 0.084375
