0 0.96015625 0.984375 0.0703125 0.03125
0 0.15625 0.978125 0.078125 0.04375
0 0.54921875 0.9234375 0.1078125 0.109375
0 0.45234375 0.89921875 0.1015625 0.1453125
0 0.903125 0.853125 0.19375 0.225
0 0.63125 0.74453125 0.05 0.0578125
0 0.025 0.61171875 0.05 0.0796875
0 0.7734375 0.540625 0.05625 0.05
0 0.2859375 0.48828125 0.096875 0.1171875
0 0.1265625 0.44375 0.171875 0.13125
0 0.28046875 0.29140625 0.0484375 0.0515625
0 0.8859375 0.29375 0.09375 0.134375
0 0.80859375 0.22578125 0.0671875 0.1078125
0 0.0265625 0.24140625 0.053125 0.1546875
0 0.97578125 0.1453125 0.0484375 0.05
0 0.9109375 0.08203125 0.1 0.0734375
0 0.09375 0.059375 0.05625 0.05625
0 0.7046875 0.03984375 0.053125 0.0546875
0 0.77265625 0.0203125 0.0796875 0.040625
0 0.61328125 0.0125 0.0484375 0.025
