0 0.01953125 0.9859375 0.0390625 0.028125
0 0.275 0.965625 0.08125 0.06875
0 0.346875 0.7859375 0.14375 0.115625
0 0.4953125 0.7234375 0.13125 0.109375
0 0.078125 0.7484375 0.15625 0.228125
0 0.8046875 0.63984375 0.0625 0.0578125
0 0.9453125 0.5265625 0.109375 0.109375
0 0.94296875 0.41015625 0.0484375 0.0484375
0 0.44140625 0.43828125 0.1765625 0.1359375
0 0.109375 0.38046875 0.21875 0.2578125
0 0.22578125 0.190625 0.0796875 0.090625
0 0.88671875 0.1265625 0.0734375 0.059375
0 0.38125 0.14375 0.1375 0.15
0 0.5796875 0.1078125 0.065625 0.084375
0 0.9125 0.021875 0.05 0.04375
