0 0.603125 0.9828125 0.075 0.034375
0 0.02890625 0.94609375 0.0578125 0.0796875
0 0.23828125 0.9375 0.2203125 0.125
0 0.615625 0.8125 0.05625 0.059375
0 0.8140625 0.81015625 0.1875 0.2890625
0 0.3109375 0.7796875 0.140625 0.2625
0 0.8 0.55234375 0.109375 0.1203125
0 0.465625 0.5640625 0.234375 0.24375
0 0.57109375 0.4234375 0.0609375 0.065625
0 0.9203125 0.27421875 0.0625 0.0578125
0 0.60625 0.2890625 0.159375 0.140625
0 0.13046875 0.421875 0.2609375 0.471875
0 0.64375 0.07109375 0.075 0.0609375
0 0.8171875 0.08046875 0.096875 0.1265625
0 0.36796875 0.06484375 0.3765625 0.1296875
