0 0.93359375 0.93984375 0.1328125 0.1203125
0 0.15703125 0.90859375 0.2953125 0.1828125
0 0.034375 0.78046875 0.06875 0.0890625
0 0.46171875 0.83046875 0.2921875 0.2859375
0 0.26796875 0.63203125 0.0734375 0.0640625
0 0.9640625 0.5125 0.071875 0.10625
0 0.70625 0.45234375 0.05 0.0484375
0 0.90390625 0.44921875 0.0484375 0.0484375
0 0.6484375 0.38359375 0.075 0.0734375
0 0.225 0.44296875 0.2125 0.2828125
0 0.40234375 0.33671875 0.0953125 0.0953125
0 0.8015625 0.3328125 0.08125 0.103125
0 0.70234375 0.2578125 0.0734375 0.090625
0 0.44765625 0.24375 0.1296875 0.10625
0 0.2546875 0.203125 0.053125 0.06875
0 0.87890625 0.1328125 0.1171875 0.171875
0 0.34609375 0.08515625 0.1828125 0.1703125
0 0.0703125 0.1046875 0.140625 0.209375
