0 0.2828125 0.9765625 0.053125 0.046875
0 0.61875 0.96875 0.06875 0.0625
0 0.0515625 0.946875 0.103125 0.10625
0 0.0578125 0.84140625 0.053125 0.0484375
0 0.784375 0.8546875 0.184375 0.196875
0 0.34765625 0.8265625 0.2296875 0.215625
0 0.3203125 0.6609375 0.059375 0.05625
0 0.42578125 0.65078125 0.1328125 0.1140625
0 0.20390625 0.5734375 0.1078125 0.140625
0 0.8703125 0.54140625 0.09375 0.0984375
0 0.9734375 0.56875 0.053125 0.165625
0 0.3125 0.49296875 0.090625 0.0921875
0 0.3828125 0.4109375 0.121875 0.084375
0 0.95234375 0.42265625 0.0953125 0.1203125
0 0.853125 0.2015625 0.29375 0.240625
0 0.590625 0.115625 0.071875 0.06875
0 0.06015625 0.09296875 0.1203125 0.1734375
0 0.1890625 0.0125 0.05625 0.025
