0 0.965625 0.965625 0.06875 0.06875
0 0.05390625 0.89296875 0.0734375 0.0703125
0 0.35390625 0.78203125 0.0953125 0.0734375
0 0.65078125 0.7328125 0.0515625 0.053125
0 0.7171875 0.64921875 0.05625 0.0796875
0 0.53125 0.53515625 0.090625 0.0890625
0 0.31328125 0.50859375 0.1109375 0.1546875
0 0.83515625 0.47109375 0.0921875 0.0921875
0 0.93203125 0.4734375 0.0890625 0.140625
0 0.91640625 0.3171875 0.0609375 0.103125
0 0.13125 0.2484375 0.084375 0.071875
0 0.01875 0.23671875 0.0375 0.0828125
0 0.61015625 0.24453125 0.0953125 0.1703125
0 0.98203125 0.121875 0.0359375 0.1
0 0.62265625 0.08125 0.2328125 0.1625
0 0.26015625 0.034375 0.0984375 0.06875
0 0.10859375 0.05390625 0.0828125 0.1078125
