0 0.978125 0.97890625 0.04375 0.0421875
0 0.63984375 0.9578125 0.1015625 0.084375
0 0.47890625 0.83359375 0.0796875 0.0546875
0 0.06796875 0.81875 0.0734375 0.1
0 0.328125 0.67421875 0.08125 0.0796875
0 0.78828125 0.67890625 0.1203125 0.2140625
0 0.784375 0.4828125 0.090625 0.084375
0 0.93203125 0.42265625 0.0859375 0.0984375
0 0.05 0.47734375 0.1 0.2140625
0 0.6125 0.321875 0.109375 0.10625
0 0.12109375 0.28046875 0.0546875 0.0546875
0 0.25625 0.22421875 0.11875 0.1109375
0 0.64296875 0.153125 0.5015625 0.30625
0 0.0671875 0.0453125 0.134375 0.090625
