0 0.77734375 0.965625 0.0890625 0.06875
0 0.22890625 0.77734375 0.2859375 0.3421875
0 0.0203125 0.6328125 0.040625 0.078125
0 0.61953125 0.57265625 0.0484375 0.0484375
0 0.825 0.55 0.090625 0.0625
0 0.25390625 0.33828125 0.1359375 0.1109375
0 0.1109375 0.2671875 0.059375 0.059375
0 0.803125 0.23046875 0.09375 0.0890625
0 0.934375 0.2515625 0.11875 0.2125
0 0.01875 0.09375 0.0375 0.065625
0 0.8390625 0.09375 0.121875 0.13125
0 0.97890625 0.01640625 0.0421875 0.0328125
0 0.578125 0.07578125 0.14375 0.1515625
