0 0.98046875 0.98515625 0.0390625 0.0296875
0 0.1625 0.97265625 0.096875 0.0546875
0 0.73515625 0.92421875 0.1671875 0.1515625
0 0.54453125 0.5515625 0.1578125 0.109375
0 0.0171875 0.53203125 0.034375 0.0765625
0 0.7328125 0.5625 0.18125 0.159375
0 0.94765625 0.56953125 0.1046875 0.1890625
0 0.453125 0.41015625 0.05 0.0578125
0 0.98671875 0.4046875 0.0265625 0.0625
0 0.65625 0.3171875 0.05 0.053125
0 0.31015625 0.34765625 0.1734375 0.1421875
0 0.5015625 0.15078125 0.1 0.1046875
0 0.65625 0.1 0.06875 0.084375
0 0.46171875 0.06875 0.0484375 0.05
0 0.8765625 0.1328125 0.246875 0.265625
0 0.725 0.0171875 0.05625 0.034375
0 0.29921875 0.02578125 0.0703125 0.0515625
