0 0.690625 0.978125 0.059375 0.04375
0 0.4625 0.83984375 0.184375 0.1703125
0 0.925 0.68515625 0.05 0.0546875
0 0.64609375 0.65546875 0.1046875 0.1046875
0 0.21484375 0.66015625 0.1890625 0.1703125
0 0.48671875 0.5734375 0.0515625 0.053125
0 0.38671875 0.57421875 0.0765625 0.0765625
0 0.0515625 0.55625 0.059375 0.053125
0 0.87421875 0.4078125 0.1859375 0.13125
0 0.55859375 0.28671875 0.1765625 0.2515625
0 0.1875 0.128125 0.059375 0.09375
0 0.38125 0.08515625 0.0875 0.0984375
0 0.9640625 0.034375 0.071875 0.06875
0 0.2234375 0.0703125 0.20625 0.140625
