0 0.0390625 0.97734375 0.078125 0.0453125
0 0.37421875 0.90625 0.1296875 0.1875
0 0.7828125 0.884375 0.1375 0.23125
0 0.89453125 0.709375 0.0703125 0.071875
0 0.01953125 0.51796875 0.0390625 0.0921875
0 0.4921875 0.60859375 0.240625 0.3046875
0 0.1625 0.58203125 0.24375 0.2578125
0 0.0671875 0.36015625 0.134375 0.0921875
0 0.67265625 0.390625 0.1359375 0.184375
0 0.17109375 0.20859375 0.0734375 0.0609375
0 0.2765625 0.1328125 0.053125 0.05
0 0.5078125 0.13359375 0.084375 0.0953125
0 0.1953125 0.103125 0.075 0.075
0 0.9140625 0.03984375 0.11875 0.0796875
