0 0.5 0.89140625 0.16875 0.1109375
0 0.14375 0.87578125 0.1625 0.2484375
0 0.9453125 0.71953125 0.053125 0.0546875
0 0.03125 0.63984375 0.0625 0.0890625
0 0.32734375 0.59296875 0.0484375 0.0484375
0 0.971875 0.584375 0.05625 0.084375
0 0.79375 0.58984375 0.096875 0.1078125
0 0.346875 0.51328125 0.071875 0.0984375
0 0.9875 0.484375 0.025 0.05
0 0.47734375 0.4390625 0.0765625 0.115625
0 0.47421875 0.2796875 0.0640625 0.065625
0 0.11953125 0.321875 0.1765625 0.2
0 0.03515625 0.09140625 0.0703125 0.1140625
0 0.68203125 0.03515625 0.1546875 0.0703125
0 0.16171875 0.0203125 0.0640625 0.040625
