0 0.70234375 0.978125 0.0703125 0.04375
0 0.51015625 0.9703125 0.0890625 0.059375
0 0.1609375 0.91484375 0.115625 0.1390625
0 0.4046875 0.86640625 0.0625 0.0546875
0 0.83828125 0.74921875 0.0484375 0.0484375
0 0.384375 0.728125 0.05 0.05
0 0.94375 0.73671875 0.1125 0.1109375
0 0.58125 0.6828125 0.05 0.053125
0 0.9515625 0.5375 0.078125 0.13125
0 0.51796875 0.509375 0.0765625 0.075
0 0.5421875 0.37109375 0.059375 0.0546875
0 0.45703125 0.36640625 0.1078125 0.1015625
0 0.85 0.2640625 0.071875 0.065625
0 0.953125 0.30390625 0.09375 0.1546875
0 0.1671875 0.52265625 0.334375 0.6484375
0 0.05078125 0.1078125 0.0671875 0.078125
0 0.50234375 0.09453125 0.1390625 0.1015625
0 0.759375 0.09453125 0.225 0.1890625
0 0.29375 0.084375 0.146875 0.16875
