0 0.24921875 0.98671875 0.0546875 0.0265625
0 0.78984375 0.9859375 0.0515625 0.028125
0 0.35703125 0.9640625 0.1265625 0.071875
0 0.10859375 0.94921875 0.0765625 0.0734375
0 0.81484375 0.93515625 0.0546875 0.0578125
0 0.58125 0.6359375 0.125 0.096875
0 0.90625 0.67734375 0.1875 0.2796875
0 0.0234375 0.58671875 0.046875 0.1078125
0 0.984375 0.53359375 0.03125 0.0953125
0 0.528125 0.56015625 0.284375 0.1953125
0 0.16484375 0.29765625 0.0546875 0.0578125
0 0.9 0.334375 0.2 0.2875
0 0.03359375 0.2 0.0671875 0.078125
0 0.65625 0.2484375 0.253125 0.178125
0 0.78828125 0.18203125 0.0484375 0.0484375
0 0.56640625 0.07421875 0.1140625 0.0953125
0 0.934375 0.0546875 0.13125 0.109375
0 0.29140625 0.1703125 0.3578125 0.340625
