0 0.15234375 0.93671875 0.0484375 0.0515625
0 0.82890625 0.92265625 0.0703125 0.0546875
0 0.90390625 0.82421875 0.0890625 0.0828125
0 0.54296875 0.8890625 0.1671875 0.221875
0 0.0703125 0.76015625 0.140625 0.1234375
0 0.7890625 0.75234375 0.115625 0.1359375
0 0.4203125 0.6671875 0.05 0.053125
0 0.2078125 0.5 0.096875 0.109375
0 0.284375 0.4140625 0.190625 0.115625
0 0.8296875 0.4890625 0.18125 0.321875
0 0.4265625 0.2640625 0.05 0.071875
0 0.978125 0.26953125 0.04375 0.0953125
0 0.53828125 0.25546875 0.1421875 0.0984375
0 0.9328125 0.1734375 0.134375 0.2
0 0.521875 0.03359375 0.078125 0.0671875
0 0.096875 0.040625 0.15 0.08125
