0 0.8140625 0.91171875 0.065625 0.1046875
0 0.31015625 0.9015625 0.1859375 0.196875
0 0.640625 0.865625 0.225 0.26875
0 0.46640625 0.63671875 0.1109375 0.1359375
0 0.803125 0.59765625 0.39375 0.2234375
0 0.62890625 0.415625 0.1296875 0.121875
0 0.209375 0.31015625 0.05 0.0546875
0 0.4484375 0.371875 0.178125 0.196875
0 0.80234375 0.26328125 0.1078125 0.1109375
0 0.55390625 0.25 0.0734375 0.0875
0 0.20234375 0.184375 0.0703125 0.071875
0 0.62734375 0.1234375 0.1015625 0.103125
0 0.75390625 0.05078125 0.1765625 0.1015625
0 0.5125 0.0140625 0.05625 0.028125
