0 0.2890625 0.9875 0.05 0.025
0 0.965625 0.97890625 0.06875 0.0421875
0 0.70546875 0.9453125 0.0953125 0.109375
0 0.146875 0.87109375 0.09375 0.0765625
0 0.75234375 0.859375 0.0609375 0.0875
0 0.34296875 0.7484375 0.0703125 0.071875
0 0.96875 0.765625 0.0625 0.109375
0 0.4203125 0.646875 0.0625 0.078125
0 0.63125 0.5328125 0.16875 0.115625
0 0.7953125 0.58203125 0.409375 0.2796875
0 0.41328125 0.3625 0.0984375 0.0875
0 0.196875 0.29921875 0.10625 0.0890625
0 0.7828125 0.31015625 0.159375 0.3484375
0 0.05390625 0.2375 0.1078125 0.23125
0 0.93828125 0.0671875 0.1109375 0.121875
0 0.653125 0.05390625 0.140625 0.1078125
0 0.0515625 0.0328125 0.103125 0.065625
