0 0.55 0.95546875 0.125 0.0890625
0 0.20625 0.9 0.13125 0.1
0 0.32890625 0.84921875 0.0671875 0.0859375
0 0.34609375 0.71953125 0.0796875 0.0859375
0 0.14453125 0.72734375 0.2359375 0.1328125
0 0.76328125 0.53828125 0.1171875 0.2328125
0 0.96171875 0.4453125 0.0765625 0.165625
0 0.1296875 0.35390625 0.078125 0.1046875
0 0.0140625 0.259375 0.028125 0.08125
0 0.5015625 0.3234375 0.19375 0.228125
0 0.8109375 0.23828125 0.128125 0.1109375
0 0.62421875 0.21875 0.0890625 0.075
0 0.965625 0.22578125 0.06875 0.2453125
0 0.17421875 0.15546875 0.1578125 0.1515625
0 0.7234375 0.0328125 0.0875 0.065625
0 0.58515625 0.01796875 0.0578125 0.0359375
0 0.13125 0.02109375 0.1 0.0421875
