0 0.51640625 0.91953125 0.2703125 0.1609375
0 0.859375 0.86796875 0.246875 0.2265625
0 0.1609375 0.81796875 0.25625 0.3546875
0 0.6484375 0.65546875 0.1375 0.1765625
0 0.315625 0.6 0.0875 0.09375
0 0.97109375 0.51328125 0.0578125 0.1578125
0 0.0140625 0.44921875 0.028125 0.0640625
0 0.725 0.409375 0.0875 0.103125
0 0.21953125 0.38125 0.0984375 0.1
0 0.84921875 0.34921875 0.0671875 0.0640625
0 0.34609375 0.32734375 0.0796875 0.1171875
0 0.0234375 0.31796875 0.046875 0.0984375
0 0.32734375 0.16796875 0.0703125 0.0640625
0 0.02578125 0.1640625 0.0515625 0.121875
0 0.9734375 0.01484375 0.053125 0.0296875
0 0.90859375 0.0734375 0.1828125 0.146875
