0 0.05234375 0.9828125 0.0890625 0.034375
0 0.89296875 0.98125 0.0890625 0.0375
0 0.26015625 0.9234375 0.1265625 0.153125
0 0.75234375 0.8421875 0.0703125 0.075
0 0.52578125 0.7140625 0.1265625 0.090625
0 0.87109375 0.6125 0.0796875 0.08125
0 0.4046875 0.6125 0.1 0.1125
0 0.21796875 0.53828125 0.0546875 0.0515625
0 0.753125 0.578125 0.14375 0.225
0 0.2796875 0.640625 0.559375 0.496875
0 0.13203125 0.2484375 0.0734375 0.084375
0 0.48984375 0.32109375 0.3859375 0.4171875
0 0.60546875 0.01484375 0.0515625 0.0296875
