0 0.96484375 0.9734375 0.0703125 0.053125
0 0.271875 0.91796875 0.059375 0.0734375
0 0.81796875 0.9359375 0.1203125 0.128125
0 0.69296875 0.8875 0.0859375 0.1125
0 0.74453125 0.83203125 0.0484375 0.0484375
0 0.83203125 0.790625 0.0640625 0.075
0 0.915625 0.7109375 0.0875 0.1625
0 0.11171875 0.59296875 0.0890625 0.0953125
0 0.978125 0.56484375 0.04375 0.1265625
0 0.965625 0.446875 0.06875 0.1
0 0.05546875 0.39609375 0.0921875 0.1484375
0 0.82890625 0.3421875 0.0890625 0.096875
0 0.9046875 0.26171875 0.078125 0.0765625
0 0.759375 0.21171875 0.1625 0.1453125
0 0.203125 0.12578125 0.05625 0.0671875
0 0.52265625 0.0953125 0.1203125 0.0625
0 0.69140625 0.11328125 0.0703125 0.1109375
0 0.3609375 0.10703125 0.11875 0.1296875
0 0.85546875 0.0703125 0.1078125 0.103125
0 0.715625 0.025 0.10625 0.05
