0 0.571875 0.9796875 0.06875 0.040625
0 0.7828125 0.97265625 0.121875 0.0546875
0 0.9359375 0.959375 0.128125 0.08125
0 0.7046875 0.8890625 0.10625 0.090625
0 0.75 0.76875 0.15 0.13125
0 0.8890625 0.73671875 0.071875 0.0765625
0 0.8109375 0.571875 0.053125 0.065625
0 0.92578125 0.596875 0.1359375 0.16875
0 0.6265625 0.5203125 0.128125 0.1625
0 0.18359375 0.6578125 0.3671875 0.503125
0 0.81328125 0.38203125 0.0890625 0.0765625
0 0.66796875 0.3734375 0.0671875 0.059375
0 0.64609375 0.30625 0.0515625 0.05625
0 0.50703125 0.27890625 0.0921875 0.0859375
0 0.90390625 0.1015625 0.0609375 0.05625
0 0.67421875 0.09140625 0.0609375 0.0703125
0 0.621875 0.021875 0.0625 0.04375
0 0.375 0.0859375 0.3875 0.171875
0 0.1546875 0.02734375 0.128125 0.0546875
