0 0.16484375 0.796875 0.1578125 0.175
0 0.0421875 0.77890625 0.084375 0.1390625
0 0.7609375 0.7390625 0.071875 0.078125
0 0.53828125 0.72109375 0.0921875 0.1140625
0 0.303125 0.69296875 0.096875 0.1109375
0 0.13359375 0.6109375 0.0546875 0.059375
0 0.62578125 0.51796875 0.1328125 0.1203125
0 0.2296875 0.4953125 0.096875 0.096875
0 0.828125 0.40390625 0.121875 0.0984375
0 0.1046875 0.3671875 0.071875 0.0875
0 0.4328125 0.434375 0.24375 0.234375
0 0.7078125 0.31328125 0.259375 0.1921875
0 0.15078125 0.25078125 0.0890625 0.1046875
0 0.0734375 0.11484375 0.084375 0.0796875
0 0.95078125 0.0671875 0.0640625 0.06875
0 0.828125 0.05546875 0.21875 0.1109375
0 0.57890625 0.03359375 0.1203125 0.0671875
