0 0.1234375 0.7875 0.053125 0.059375
0 0.91953125 0.7359375 0.1609375 0.1875
0 0.7125 0.64921875 0.159375 0.1359375
0 0.875 0.5171875 0.0875 0.1625
0 0.97265625 0.45859375 0.0484375 0.0484375
0 0.8609375 0.403125 0.05625 0.0625
0 0.05546875 0.53359375 0.1109375 0.3703125
0 0.0828125 0.2875 0.134375 0.071875
0 0.3828125 0.2578125 0.121875 0.121875
0 0.0125 0.20390625 0.025 0.0484375
0 0.203125 0.1703125 0.0875 0.059375
0 0.4171875 0.1140625 0.071875 0.075
0 0.9171875 0.1984375 0.14375 0.25625
0 0.88671875 0.01875 0.1015625 0.0375
0 0.6734375 0.040625 0.078125 0.08125
