0 0.5953125 0.98125 0.1 0.0375
0 0.8828125 0.96640625 0.128125 0.0671875
0 0.08359375 0.86640625 0.1359375 0.1546875
0 0.36015625 0.75234375 0.0734375 0.0859375
0 0.61484375 0.74921875 0.2390625 0.1546875
0 0.03203125 0.70234375 0.0640625 0.0890625
0 0.1359375 0.59375 0.08125 0.090625
0 0.946875 0.5953125 0.10625 0.115625
0 0.74921875 0.540625 0.2859375 0.325
0 0.959375 0.25390625 0.08125 0.1453125
0 0.8328125 0.21328125 0.121875 0.0859375
0 0.365625 0.1984375 0.06875 0.096875
0 0.65390625 0.13828125 0.1109375 0.1046875
0 0.3390625 0.05703125 0.246875 0.1140625
0 0.3078125 0.315625 0.615625 0.63125
