0 0.9546875 0.96171875 0.090625 0.0765625
0 0.4171875 0.9453125 0.171875 0.109375
0 0.784375 0.85 0.146875 0.109375
0 0.9390625 0.83203125 0.121875 0.0828125
0 0.12734375 0.8125 0.0640625 0.08125
0 0.34609375 0.77578125 0.0484375 0.0578125
0 0.2515625 0.80390625 0.159375 0.2234375
0 0.27421875 0.66328125 0.0484375 0.0484375
0 0.0296875 0.57890625 0.059375 0.0703125
0 0.1109375 0.57421875 0.08125 0.0671875
0 0.79765625 0.61953125 0.1828125 0.1671875
0 0.23828125 0.57421875 0.0890625 0.1046875
0 0.0796875 0.496875 0.0625 0.0625
0 0.1640625 0.45234375 0.078125 0.0921875
0 0.72109375 0.42265625 0.0921875 0.0828125
0 0.62890625 0.3125 0.2859375 0.184375
0 0.0828125 0.25 0.103125 0.103125
0 0.021875 0.16640625 0.04375 0.0515625
0 0.23828125 0.178125 0.1046875 0.084375
