0 0.2 0.9859375 0.053125 0.028125
0 0.56640625 0.978125 0.1203125 0.04375
0 0.34453125 0.9515625 0.2046875 0.096875
0 0.9515625 0.9171875 0.096875 0.128125
0 0.04375 0.8515625 0.05625 0.05625
0 0.23359375 0.84140625 0.0734375 0.0609375
0 0.29609375 0.71171875 0.1515625 0.1359375
0 0.4734375 0.66796875 0.084375 0.0859375
0 0.97890625 0.54609375 0.0421875 0.0734375
0 0.3046875 0.5171875 0.096875 0.1
0 0.44296875 0.47890625 0.0484375 0.0484375
0 0.35703125 0.4203125 0.0515625 0.053125
0 0.2296875 0.40078125 0.103125 0.1234375
0 0.6171875 0.26640625 0.071875 0.0984375
0 0.028125 0.22421875 0.05625 0.0546875
0 0.015625 0.15078125 0.03125 0.0578125
0 0.21484375 0.17421875 0.0984375 0.1171875
0 0.7375 0.01484375 0.065625 0.0296875
0 0.15859375 0.04140625 0.1046875 0.0828125
