0 0.94765625 0.97265625 0.0765625 0.0546875
0 0.18046875 0.971875 0.0609375 0.05625
0 0.1796875 0.90546875 0.053125 0.0640625
0 0.728125 0.86171875 0.1625 0.2765625
0 0.0125 0.75078125 0.025 0.0546875
0 0.12734375 0.72578125 0.0859375 0.1078125
0 0.1015625 0.61328125 0.0625 0.1046875
0 0.62265625 0.43515625 0.1234375 0.1890625
0 0.3078125 0.375 0.084375 0.06875
0 0.76796875 0.26875 0.1234375 0.075
0 0.94140625 0.23046875 0.0546875 0.0640625
0 0.01953125 0.2125 0.0390625 0.08125
0 0.5125 0.11484375 0.125 0.2296875
