0 0.60703125 0.98671875 0.0484375 0.0265625
0 0.11640625 0.90078125 0.0515625 0.0640625
0 0.21171875 0.87265625 0.0484375 0.0484375
0 0.8078125 0.9234375 0.125 0.153125
0 0.034375 0.89375 0.06875 0.125
0 0.4859375 0.73515625 0.18125 0.2078125
0 0.6015625 0.66328125 0.115625 0.1296875
0 0.0140625 0.5296875 0.028125 0.053125
0 0.9203125 0.55859375 0.159375 0.1921875
0 0.4203125 0.42421875 0.05 0.0484375
0 0.27890625 0.43984375 0.0671875 0.1296875
0 0.66328125 0.41875 0.3453125 0.284375
0 0.6984375 0.2 0.115625 0.121875
0 0.0671875 0.1625 0.053125 0.053125
0 0.9609375 0.08359375 0.0625 0.0546875
0 0.8234375 0.08125 0.053125 0.05
0 0.67890625 0.10078125 0.1203125 0.0921875
0 0.28046875 0.16640625 0.3109375 0.3140625
0 0.58203125 0.0328125 0.0921875 0.065625
